288 8
0.0000000000000000e+00 0.0000000000000000e+00 0.0000000000000000e+00 9.8999999999999999e-01 0.0000000000000000e+00 1.0000000000000000e-02 0.0000000000000000e+00 0.0000000000000000e+00 0.0000000000000000e+00
1.1071774188908812e-05 0.0000000000000000e+00 0.0000000000000000e+00 9.8999999999999999e-01 0.0000000000000000e+00 1.0000000000000000e-02 0.0000000000000000e+00 0.0000000000000000e+00 0.0000000000000000e+00
1.9830475193161057e-05 0.0000000000000000e+00 0.0000000000000000e+00 9.8999999999999999e-01 0.0000000000000000e+00 1.0000000000000000e-02 0.0000000000000000e+00 0.0000000000000000e+00 0.0000000000000000e+00
2.9125558178244582e-05 0.0000000000000000e+00 0.0000000000000000e+00 9.8999999999999999e-01 0.0000000000000000e+00 1.0000000000000000e-02 0.0000000000000000e+00 0.0000000000000000e+00 0.0000000000000000e+00
3.7890132301376944e-05 0.0000000000000000e+00 0.0000000000000000e+00 9.8999999999999999e-01 0.0000000000000000e+00 1.0000000000000000e-02 0.0000000000000000e+00 0.0000000000000000e+00 0.0000000000000000e+00
4.6222626994607552e-05 0.0000000000000000e+00 0.0000000000000000e+00 9.8999999999999999e-01 0.0000000000000000e+00 1.0000000000000000e-02 0.0000000000000000e+00 0.0000000000000000e+00 0.0000000000000000e+00
5.4215270713697805e-05 0.0000000000000000e+00 0.0000000000000000e+00 9.8999999999999999e-01 0.0000000000000000e+00 1.0000000000000000e-02 0.0000000000000000e+00 0.0000000000000000e+00 0.0000000000000000e+00
6.1972714055724687e-05 0.0000000000000000e+00 0.0000000000000000e+00 9.8999999999999999e-01 0.0000000000000000e+00 1.0000000000000000e-02 0.0000000000000000e+00 0.0000000000000000e+00 0.0000000000000000e+00
6.9621985006929066e-05 0.0000000000000000e+00 0.0000000000000000e+00 9.8999999999999999e-01 0.0000000000000000e+00 1.0000000000000000e-02 0.0000000000000000e+00 0.0000000000000000e+00 0.0000000000000000e+00
7.7239176167087642e-05 0.0000000000000000e+00 0.0000000000000000e+00 9.8999999999999999e-01 0.0000000000000000e+00 1.0000000000000000e-02 0.0000000000000000e+00 0.0000000000000000e+00 0.0000000000000000e+00
8.4814586782888668e-05 0.0000000000000000e+00 0.0000000000000000e+00 9.8999999999999999e-01 0.0000000000000000e+00 1.0000000000000000e-02 0.0000000000000000e+00 0.0000000000000000e+00 0.0000000000000000e+00
9.2219151637928931e-05 0.0000000000000000e+00 0.0000000000000000e+00 9.8999999999999999e-01 0.0000000000000000e+00 1.0000000000000000e-02 0.0000000000000000e+00 0.0000000000000000e+00 0.0000000000000000e+00
9.9381602180259598e-05 0.0000000000000000e+00 0.0000000000000000e+00 9.8999999999999999e-01 0.0000000000000000e+00 1.0000000000000000e-02 0.0000000000000000e+00 0.0000000000000000e+00 0.0000000000000000e+00
1.0640623263291626e-04 0.0000000000000000e+00 0.0000000000000000e+00 9.8999999999999999e-01 0.0000000000000000e+00 1.0000000000000000e-02 0.0000000000000000e+00 0.0000000000000000e+00 0.0000000000000000e+00
1.1341020126431900e-04 0.0000000000000000e+00 0.0000000000000000e+00 9.8999999999999999e-01 0.0000000000000000e+00 1.0000000000000000e-02 0.0000000000000000e+00 0.0000000000000000e+00 0.0000000000000000e+00
1.2040878391905707e-04 0.0000000000000000e+00 0.0000000000000000e+00 9.8999999999999999e-01 0.0000000000000000e+00 1.0000000000000000e-02 0.0000000000000000e+00 0.0000000000000000e+00 0.0000000000000000e+00
1.2738962674485599e-04 0.0000000000000000e+00 0.0000000000000000e+00 9.8999999999999999e-01 0.0000000000000000e+00 1.0000000000000000e-02 0.0000000000000000e+00 0.0000000000000000e+00 0.0000000000000000e+00
1.3436010258816022e-04 0.0000000000000000e+00 0.0000000000000000e+00 9.8999999999999999e-01 0.0000000000000000e+00 1.0000000000000000e-02 0.0000000000000000e+00 0.0000000000000000e+00 0.0000000000000000e+00
1.4142246733561681e-04 0.0000000000000000e+00 0.0000000000000000e+00 9.8999999999999999e-01 0.0000000000000000e+00 1.0000000000000000e-02 0.0000000000000000e+00 0.0000000000000000e+00 0.0000000000000000e+00
1.4860109284620115e-04 0.0000000000000000e+00 0.0000000000000000e+00 9.8999999999999999e-01 0.0000000000000000e+00 1.0000000000000000e-02 0.0000000000000000e+00 0.0000000000000000e+00 0.0000000000000000e+00
1.5600336358967404e-04 0.0000000000000000e+00 0.0000000000000000e+00 9.8999999999999999e-01 0.0000000000000000e+00 1.0000000000000000e-02 0.0000000000000000e+00 0.0000000000000000e+00 0.0000000000000000e+00
1.6414484029247944e-04 0.0000000000000000e+00 0.0000000000000000e+00 9.8999999999999999e-01 0.0000000000000000e+00 1.0000000000000000e-02 0.0000000000000000e+00 0.0000000000000000e+00 0.0000000000000000e+00
1.7461007572439069e-04 0.0000000000000000e+00 0.0000000000000000e+00 9.8999999999999999e-01 0.0000000000000000e+00 1.0000000000000000e-02 0.0000000000000000e+00 0.0000000000000000e+00 0.0000000000000000e+00
1.8960912070087321e-04 0.0000000000000000e+00 0.0000000000000000e+00 9.8999999999999999e-01 0.0000000000000000e+00 1.0000000000000000e-02 0.0000000000000000e+00 0.0000000000000000e+00 0.0000000000000000e+00
2.1171769112837691e-04 0.0000000000000000e+00 0.0000000000000000e+00 9.8999999999999999e-01 0.0000000000000000e+00 1.0000000000000000e-02 0.0000000000000000e+00 0.0000000000000000e+00 0.0000000000000000e+00
2.4144382499613481e-04 0.0000000000000000e+00 0.0000000000000000e+00 9.8999999999999999e-01 0.0000000000000000e+00 1.0000000000000000e-02 0.0000000000000000e+00 0.0000000000000000e+00 0.0000000000000000e+00
2.7483857849919247e-04 0.0000000000000000e+00 0.0000000000000000e+00 9.8999999999999999e-01 0.0000000000000000e+00 1.0000000000000000e-02 0.0000000000000000e+00 0.0000000000000000e+00 0.0000000000000000e+00
3.0983478975754597e-04 0.0000000000000000e+00 0.0000000000000000e+00 9.8999999999999999e-01 0.0000000000000000e+00 1.0000000000000000e-02 0.0000000000000000e+00 0.0000000000000000e+00 0.0000000000000000e+00
3.4603367814345365e-04 0.0000000000000000e+00 0.0000000000000000e+00 9.8999999999999999e-01 0.0000000000000000e+00 1.0000000000000000e-02 0.0000000000000000e+00 0.0000000000000000e+00 0.0000000000000000e+00
3.8332280474828728e-04 0.0000000000000000e+00 0.0000000000000000e+00 9.8999999999999999e-01 0.0000000000000000e+00 1.0000000000000000e-02 0.0000000000000000e+00 0.0000000000000000e+00 0.0000000000000000e+00
4.2161955910569038e-04 0.0000000000000000e+00 0.0000000000000000e+00 9.8999999999999999e-01 0.0000000000000000e+00 1.0000000000000000e-02 0.0000000000000000e+00 0.0000000000000000e+00 0.0000000000000000e+00
4.6125797755980358e-04 0.0000000000000000e+00 0.0000000000000000e+00 9.8999999999999999e-01 0.0000000000000000e+00 1.0000000000000000e-02 0.0000000000000000e+00 0.0000000000000000e+00 0.0000000000000000e+00
5.0403297358292409e-04 0.0000000000000000e+00 0.0000000000000000e+00 9.8999999999999999e-01 0.0000000000000000e+00 1.0000000000000000e-02 0.0000000000000000e+00 0.0000000000000000e+00 0.0000000000000000e+00
5.5410071716788245e-04 0.0000000000000000e+00 0.0000000000000000e+00 9.8999999999999999e-01 0.0000000000000000e+00 1.0000000000000000e-02 0.0000000000000000e+00 0.0000000000000000e+00 0.0000000000000000e+00
6.1685005636302748e-04 0.0000000000000000e+00 0.0000000000000000e+00 9.8999999999999999e-01 0.0000000000000000e+00 1.0000000000000000e-02 0.0000000000000000e+00 0.0000000000000000e+00 0.0000000000000000e+00
6.9794497894060115e-04 0.0000000000000000e+00 0.0000000000000000e+00 9.8999999999999999e-01 0.0000000000000000e+00 1.0000000000000000e-02 0.0000000000000000e+00 0.0000000000000000e+00 0.0000000000000000e+00
8.0230429481209509e-04 0.0000000000000000e+00 0.0000000000000000e+00 9.8999999999999999e-01 0.0000000000000000e+00 1.0000000000000000e-02 0.0000000000000000e+00 0.0000000000000000e+00 0.0000000000000000e+00
9.3237770986853707e-04 0.0000000000000000e+00 0.0000000000000000e+00 9.8999999999999999e-01 0.0000000000000000e+00 1.0000000000000000e-02 0.0000000000000000e+00 0.0000000000000000e+00 0.0000000000000000e+00
1.0862473348781654e-03 0.0000000000000000e+00 0.0000000000000000e+00 9.8999999999999999e-01 0.0000000000000000e+00 1.0000000000000000e-02 0.0000000000000000e+00 0.0000000000000000e+00 0.0000000000000000e+00
1.2589751796245885e-03 0.0000000000000000e+00 0.0000000000000000e+00 9.8999999999999999e-01 0.0000000000000000e+00 1.0000000000000000e-02 0.0000000000000000e+00 0.0000000000000000e+00 0.0000000000000000e+00
1.4496452896586298e-03 0.0000000000000000e+00 0.0000000000000000e+00 9.8999999999999999e-01 0.0000000000000000e+00 1.0000000000000000e-02 0.0000000000000000e+00 0.0000000000000000e+00 0.0000000000000000e+00
1.6624367799019657e-03 0.0000000000000000e+00 0.0000000000000000e+00 9.8999999999999999e-01 0.0000000000000000e+00 1.0000000000000000e-02 0.0000000000000000e+00 0.0000000000000000e+00 0.0000000000000000e+00
1.9063947883724008e-03 0.0000000000000000e+00 0.0000000000000000e+00 9.8999999999999999e-01 0.0000000000000000e+00 1.0000000000000000e-02 0.0000000000000000e+00 0.0000000000000000e+00 0.0000000000000000e+00
2.1912529800262037e-03 0.0000000000000000e+00 0.0000000000000000e+00 9.8999999999999999e-01 0.0000000000000000e+00 1.0000000000000000e-02 0.0000000000000000e+00 0.0000000000000000e+00 0.0000000000000000e+00
2.5241124954233918e-03 0.0000000000000000e+00 0.0000000000000000e+00 9.8999999999999999e-01 0.0000000000000000e+00 1.0000000000000000e-02 0.0000000000000000e+00 0.0000000000000000e+00 0.0000000000000000e+00
2.9123323689110858e-03 0.0000000000000000e+00 0.0000000000000000e+00 9.8999999999999999e-01 0.0000000000000000e+00 1.0000000000000000e-02 0.0000000000000000e+00 0.0000000000000000e+00 0.0000000000000000e+00
3.3688261248057128e-03 0.0000000000000000e+00 0.0000000000000000e+00 9.8999999999999999e-01 0.0000000000000000e+00 1.0000000000000000e-02 0.0000000000000000e+00 0.0000000000000000e+00 0.0000000000000000e+00
3.9132886639736686e-03 0.0000000000000000e+00 0.0000000000000000e+00 9.8999999999999999e-01 0.0000000000000000e+00 1.0000000000000000e-02 0.0000000000000000e+00 0.0000000000000000e+00 0.0000000000000000e+00
4.5592204622322274e-03 0.0000000000000000e+00 0.0000000000000000e+00 9.8999999999999999e-01 0.0000000000000000e+00 1.0000000000000000e-02 0.0000000000000000e+00 0.0000000000000000e+00 0.0000000000000000e+00
5.3123133106586229e-03 0.0000000000000000e+00 0.0000000000000000e+00 9.8999999999999999e-01 0.0000000000000000e+00 1.0000000000000000e-02 0.0000000000000000e+00 0.0000000000000000e+00 0.0000000000000000e+00
6.1681743620313201e-03 0.0000000000000000e+00 0.0000000000000000e+00 9.8999999999999999e-01 0.0000000000000000e+00 1.0000000000000000e-02 0.0000000000000000e+00 0.0000000000000000e+00 0.0000000000000000e+00
7.1158874184402698e-03 0.0000000000000000e+00 0.0000000000000000e+00 9.8999999999999999e-01 0.0000000000000000e+00 1.0000000000000000e-02 0.0000000000000000e+00 0.0000000000000000e+00 0.0000000000000000e+00
8.1476810331018168e-03 0.0000000000000000e+00 0.0000000000000000e+00 9.8999999999999999e-01 0.0000000000000000e+00 1.0000000000000000e-02 0.0000000000000000e+00 0.0000000000000000e+00 0.0000000000000000e+00
9.2608515066161523e-03 0.0000000000000000e+00 0.0000000000000000e+00 9.8999999999999999e-01 0.0000000000000000e+00 1.0000000000000000e-02 0.0000000000000000e+00 0.0000000000000000e+00 0.0000000000000000e+00
1.0461671918710280e-02 0.0000000000000000e+00 0.0000000000000000e+00 9.8999999999999999e-01 0.0000000000000000e+00 1.0000000000000000e-02 0.0000000000000000e+00 0.0000000000000000e+00 0.0000000000000000e+00
1.1773148301518988e-02 0.0000000000000000e+00 0.0000000000000000e+00 9.8999999999999999e-01 0.0000000000000000e+00 1.0000000000000000e-02 0.0000000000000000e+00 0.0000000000000000e+00 0.0000000000000000e+00
1.3230531539013213e-02 0.0000000000000000e+00 0.0000000000000000e+00 9.8999999999999999e-01 0.0000000000000000e+00 1.0000000000000000e-02 0.0000000000000000e+00 0.0000000000000000e+00 0.0000000000000000e+00
1.4854768666853868e-02 0.0000000000000000e+00 0.0000000000000000e+00 9.8999999999999999e-01 0.0000000000000000e+00 1.0000000000000000e-02 0.0000000000000000e+00 0.0000000000000000e+00 0.0000000000000000e+00
1.6629403985316538e-02 0.0000000000000000e+00 0.0000000000000000e+00 9.8999999999999999e-01 0.0000000000000000e+00 1.0000000000000000e-02 0.0000000000000000e+00 0.0000000000000000e+00 0.0000000000000000e+00
1.8524446638806702e-02 0.0000000000000000e+00 0.0000000000000000e+00 9.8999999999999999e-01 0.0000000000000000e+00 1.0000000000000000e-02 0.0000000000000000e+00 0.0000000000000000e+00 0.0000000000000000e+00
2.0528582357568159e-02 0.0000000000000000e+00 0.0000000000000000e+00 9.8999999999999999e-01 0.0000000000000000e+00 1.0000000000000000e-02 0.0000000000000000e+00 0.0000000000000000e+00 0.0000000000000000e+00
2.2619898047333109e-02 0.0000000000000000e+00 0.0000000000000000e+00 9.8999999999999999e-01 0.0000000000000000e+00 1.0000000000000000e-02 0.0000000000000000e+00 0.0000000000000000e+00 0.0000000000000000e+00
2.4766562030314243e-02 0.0000000000000000e+00 0.0000000000000000e+00 9.8999999999999999e-01 0.0000000000000000e+00 1.0000000000000000e-02 0.0000000000000000e+00 0.0000000000000000e+00 0.0000000000000000e+00
2.6953631112668797e-02 0.0000000000000000e+00 0.0000000000000000e+00 9.8999999999999999e-01 0.0000000000000000e+00 1.0000000000000000e-02 0.0000000000000000e+00 0.0000000000000000e+00 0.0000000000000000e+00
2.9179553643090661e-02 0.0000000000000000e+00 0.0000000000000000e+00 9.8999999999999999e-01 0.0000000000000000e+00 1.0000000000000000e-02 0.0000000000000000e+00 0.0000000000000000e+00 0.0000000000000000e+00
3.1426869437608862e-02 0.0000000000000000e+00 0.0000000000000000e+00 9.8999999999999999e-01 0.0000000000000000e+00 1.0000000000000000e-02 0.0000000000000000e+00 0.0000000000000000e+00 0.0000000000000000e+00
3.3670243890048135e-02 0.0000000000000000e+00 0.0000000000000000e+00 9.8999999999999999e-01 0.0000000000000000e+00 1.0000000000000000e-02 0.0000000000000000e+00 0.0000000000000000e+00 0.0000000000000000e+00
3.5900066767073580e-02 0.0000000000000000e+00 0.0000000000000000e+00 9.8999999999999999e-01 0.0000000000000000e+00 1.0000000000000000e-02 0.0000000000000000e+00 0.0000000000000000e+00 0.0000000000000000e+00
3.8120873096384900e-02 0.0000000000000000e+00 0.0000000000000000e+00 9.8999999999999999e-01 0.0000000000000000e+00 1.0000000000000000e-02 0.0000000000000000e+00 0.0000000000000000e+00 0.0000000000000000e+00
4.0340779950849837e-02 0.0000000000000000e+00 0.0000000000000000e+00 9.8999999999999999e-01 0.0000000000000000e+00 1.0000000000000000e-02 0.0000000000000000e+00 0.0000000000000000e+00 0.0000000000000000e+00
4.2561696617141043e-02 0.0000000000000000e+00 0.0000000000000000e+00 9.8999999999999999e-01 0.0000000000000000e+00 1.0000000000000000e-02 0.0000000000000000e+00 0.0000000000000000e+00 0.0000000000000000e+00
4.4771520276295607e-02 0.0000000000000000e+00 0.0000000000000000e+00 9.8999999999999999e-01 0.0000000000000000e+00 1.0000000000000000e-02 0.0000000000000000e+00 0.0000000000000000e+00 0.0000000000000000e+00
4.6961233076294517e-02 0.0000000000000000e+00 0.0000000000000000e+00 9.8999999999999999e-01 0.0000000000000000e+00 1.0000000000000000e-02 0.0000000000000000e+00 0.0000000000000000e+00 0.0000000000000000e+00
4.9128985513504864e-02 0.0000000000000000e+00 0.0000000000000000e+00 9.8999999999999999e-01 0.0000000000000000e+00 1.0000000000000000e-02 0.0000000000000000e+00 0.0000000000000000e+00 0.0000000000000000e+00
5.1256909729446631e-02 0.0000000000000000e+00 0.0000000000000000e+00 9.8999999999999999e-01 0.0000000000000000e+00 1.0000000000000000e-02 0.0000000000000000e+00 0.0000000000000000e+00 0.0000000000000000e+00
5.3336568052793298e-02 0.0000000000000000e+00 0.0000000000000000e+00 9.8999999999999999e-01 0.0000000000000000e+00 1.0000000000000000e-02 0.0000000000000000e+00 0.0000000000000000e+00 0.0000000000000000e+00
5.5371088734159746e-02 0.0000000000000000e+00 0.0000000000000000e+00 9.8999999999999999e-01 0.0000000000000000e+00 1.0000000000000000e-02 0.0000000000000000e+00 0.0000000000000000e+00 0.0000000000000000e+00
5.7366001543165290e-02 0.0000000000000000e+00 0.0000000000000000e+00 9.8999999999999999e-01 0.0000000000000000e+00 1.0000000000000000e-02 0.0000000000000000e+00 0.0000000000000000e+00 0.0000000000000000e+00
5.9321569692692200e-02 0.0000000000000000e+00 0.0000000000000000e+00 9.8999999999999999e-01 0.0000000000000000e+00 1.0000000000000000e-02 0.0000000000000000e+00 0.0000000000000000e+00 0.0000000000000000e+00
6.1237640576183416e-02 0.0000000000000000e+00 0.0000000000000000e+00 9.8999999999999999e-01 0.0000000000000000e+00 1.0000000000000000e-02 0.0000000000000000e+00 0.0000000000000000e+00 0.0000000000000000e+00
6.3120897955534550e-02 0.0000000000000000e+00 0.0000000000000000e+00 9.8999999999999999e-01 0.0000000000000000e+00 1.0000000000000000e-02 0.0000000000000000e+00 0.0000000000000000e+00 0.0000000000000000e+00
6.4971503843261891e-02 0.0000000000000000e+00 0.0000000000000000e+00 9.8999999999999999e-01 0.0000000000000000e+00 1.0000000000000000e-02 0.0000000000000000e+00 0.0000000000000000e+00 0.0000000000000000e+00
6.6791695671451046e-02 0.0000000000000000e+00 0.0000000000000000e+00 9.8999999999999999e-01 0.0000000000000000e+00 1.0000000000000000e-02 0.0000000000000000e+00 0.0000000000000000e+00 0.0000000000000000e+00
6.8582042615858207e-02 0.0000000000000000e+00 0.0000000000000000e+00 9.8999999999999999e-01 0.0000000000000000e+00 1.0000000000000000e-02 0.0000000000000000e+00 0.0000000000000000e+00 0.0000000000000000e+00
7.0348782277960487e-02 0.0000000000000000e+00 0.0000000000000000e+00 9.8999999999999999e-01 0.0000000000000000e+00 1.0000000000000000e-02 0.0000000000000000e+00 0.0000000000000000e+00 0.0000000000000000e+00
7.2099052334823610e-02 0.0000000000000000e+00 0.0000000000000000e+00 9.8999999999999999e-01 0.0000000000000000e+00 1.0000000000000000e-02 0.0000000000000000e+00 0.0000000000000000e+00 0.0000000000000000e+00
7.3838055889601129e-02 0.0000000000000000e+00 0.0000000000000000e+00 9.8999999999999999e-01 0.0000000000000000e+00 1.0000000000000000e-02 0.0000000000000000e+00 0.0000000000000000e+00 0.0000000000000000e+00
7.5568550117659394e-02 0.0000000000000000e+00 0.0000000000000000e+00 9.8999999999999999e-01 0.0000000000000000e+00 1.0000000000000000e-02 0.0000000000000000e+00 0.0000000000000000e+00 0.0000000000000000e+00
7.7291033871449311e-02 0.0000000000000000e+00 0.0000000000000000e+00 9.8999999999999999e-01 0.0000000000000000e+00 1.0000000000000000e-02 0.0000000000000000e+00 0.0000000000000000e+00 0.0000000000000000e+00
7.9007120477630144e-02 0.0000000000000000e+00 0.0000000000000000e+00 9.8999999999999999e-01 0.0000000000000000e+00 1.0000000000000000e-02 0.0000000000000000e+00 0.0000000000000000e+00 0.0000000000000000e+00
8.0717027321407731e-02 0.0000000000000000e+00 0.0000000000000000e+00 9.8999999999999999e-01 0.0000000000000000e+00 1.0000000000000000e-02 0.0000000000000000e+00 0.0000000000000000e+00 0.0000000000000000e+00
8.2419576223152213e-02 0.0000000000000000e+00 0.0000000000000000e+00 9.8999999999999999e-01 0.0000000000000000e+00 1.0000000000000000e-02 0.0000000000000000e+00 0.0000000000000000e+00 0.0000000000000000e+00
8.4115895430016407e-02 0.0000000000000000e+00 0.0000000000000000e+00 9.8999999999999999e-01 0.0000000000000000e+00 1.0000000000000000e-02 0.0000000000000000e+00 0.0000000000000000e+00 0.0000000000000000e+00
8.5809638088334639e-02 0.0000000000000000e+00 0.0000000000000000e+00 9.8999999999999999e-01 0.0000000000000000e+00 1.0000000000000000e-02 0.0000000000000000e+00 0.0000000000000000e+00 0.0000000000000000e+00
8.7503746918125236e-02 0.0000000000000000e+00 0.0000000000000000e+00 9.8999999999999999e-01 0.0000000000000000e+00 1.0000000000000000e-02 0.0000000000000000e+00 0.0000000000000000e+00 0.0000000000000000e+00
8.9199721460610615e-02 0.0000000000000000e+00 0.0000000000000000e+00 9.8999999999999999e-01 0.0000000000000000e+00 1.0000000000000000e-02 0.0000000000000000e+00 0.0000000000000000e+00 0.0000000000000000e+00
9.0898726728776080e-02 0.0000000000000000e+00 0.0000000000000000e+00 9.8999999999999999e-01 0.0000000000000000e+00 1.0000000000000000e-02 0.0000000000000000e+00 0.0000000000000000e+00 0.0000000000000000e+00
9.2601674846042648e-02 0.0000000000000000e+00 0.0000000000000000e+00 9.8999999999999999e-01 0.0000000000000000e+00 1.0000000000000000e-02 0.0000000000000000e+00 0.0000000000000000e+00 0.0000000000000000e+00
9.4309898375400603e-02 0.0000000000000000e+00 0.0000000000000000e+00 9.8999999999999999e-01 0.0000000000000000e+00 1.0000000000000000e-02 0.0000000000000000e+00 0.0000000000000000e+00 0.0000000000000000e+00
9.6024684929927884e-02 0.0000000000000000e+00 0.0000000000000000e+00 9.8999999999999999e-01 0.0000000000000000e+00 1.0000000000000000e-02 0.0000000000000000e+00 0.0000000000000000e+00 0.0000000000000000e+00
9.7748284572509947e-02 0.0000000000000000e+00 0.0000000000000000e+00 9.8999999999999999e-01 0.0000000000000000e+00 1.0000000000000000e-02 0.0000000000000000e+00 0.0000000000000000e+00 0.0000000000000000e+00
9.9483101526529394e-02 0.0000000000000000e+00 0.0000000000000000e+00 9.8999999999999999e-01 0.0000000000000000e+00 1.0000000000000000e-02 0.0000000000000000e+00 0.0000000000000000e+00 0.0000000000000000e+00
1.0123307067179066e-01 0.0000000000000000e+00 0.0000000000000000e+00 9.8999999999999999e-01 0.0000000000000000e+00 1.0000000000000000e-02 0.0000000000000000e+00 0.0000000000000000e+00 0.0000000000000000e+00
1.0298973212010887e-01 0.0000000000000000e+00 0.0000000000000000e+00 9.8999999999999999e-01 0.0000000000000000e+00 1.0000000000000000e-02 0.0000000000000000e+00 0.0000000000000000e+00 0.0000000000000000e+00
1.0474393669251680e-01 0.0000000000000000e+00 0.0000000000000000e+00 9.8999999999999999e-01 0.0000000000000000e+00 1.0000000000000000e-02 0.0000000000000000e+00 0.0000000000000000e+00 0.0000000000000000e+00
1.0650616391535472e-01 0.0000000000000000e+00 0.0000000000000000e+00 9.8999999999999999e-01 0.0000000000000000e+00 1.0000000000000000e-02 0.0000000000000000e+00 0.0000000000000000e+00 0.0000000000000000e+00
1.0827861324246901e-01 0.0000000000000000e+00 0.0000000000000000e+00 9.8999999999999999e-01 0.0000000000000000e+00 1.0000000000000000e-02 0.0000000000000000e+00 0.0000000000000000e+00 0.0000000000000000e+00
1.1006203536706216e-01 0.0000000000000000e+00 0.0000000000000000e+00 9.8999999999999999e-01 0.0000000000000000e+00 1.0000000000000000e-02 0.0000000000000000e+00 0.0000000000000000e+00 0.0000000000000000e+00
1.1185418996974428e-01 0.0000000000000000e+00 0.0000000000000000e+00 9.8999999999999999e-01 0.0000000000000000e+00 1.0000000000000000e-02 0.0000000000000000e+00 0.0000000000000000e+00 0.0000000000000000e+00
1.1365657281366048e-01 0.0000000000000000e+00 0.0000000000000000e+00 9.8999999999999999e-01 0.0000000000000000e+00 1.0000000000000000e-02 0.0000000000000000e+00 0.0000000000000000e+00 0.0000000000000000e+00
1.1547178080636478e-01 0.0000000000000000e+00 0.0000000000000000e+00 9.8999999999999999e-01 0.0000000000000000e+00 1.0000000000000000e-02 0.0000000000000000e+00 0.0000000000000000e+00 0.0000000000000000e+00
1.1730204213019668e-01 0.0000000000000000e+00 0.0000000000000000e+00 9.8999999999999999e-01 0.0000000000000000e+00 1.0000000000000000e-02 0.0000000000000000e+00 0.0000000000000000e+00 0.0000000000000000e+00
1.1914962935231299e-01 0.0000000000000000e+00 0.0000000000000000e+00 9.8999999999999999e-01 0.0000000000000000e+00 1.0000000000000000e-02 0.0000000000000000e+00 0.0000000000000000e+00 0.0000000000000000e+00
1.2101705370845961e-01 0.0000000000000000e+00 0.0000000000000000e+00 9.8999999999999999e-01 0.0000000000000000e+00 1.0000000000000000e-02 0.0000000000000000e+00 0.0000000000000000e+00 0.0000000000000000e+00
1.2290770628139081e-01 0.0000000000000000e+00 0.0000000000000000e+00 9.8999999999999999e-01 0.0000000000000000e+00 1.0000000000000000e-02 0.0000000000000000e+00 0.0000000000000000e+00 0.0000000000000000e+00
1.2482413996740838e-01 0.0000000000000000e+00 0.0000000000000000e+00 9.8999999999999999e-01 0.0000000000000000e+00 1.0000000000000000e-02 0.0000000000000000e+00 0.0000000000000000e+00 0.0000000000000000e+00
1.2676869292958437e-01 0.0000000000000000e+00 0.0000000000000000e+00 9.8999999999999999e-01 0.0000000000000000e+00 1.0000000000000000e-02 0.0000000000000000e+00 0.0000000000000000e+00 0.0000000000000000e+00
1.2874180933313895e-01 0.0000000000000000e+00 0.0000000000000000e+00 9.8999999999999999e-01 0.0000000000000000e+00 1.0000000000000000e-02 0.0000000000000000e+00 0.0000000000000000e+00 0.0000000000000000e+00
1.3073955030855400e-01 0.0000000000000000e+00 0.0000000000000000e+00 9.8999999999999999e-01 0.0000000000000000e+00 1.0000000000000000e-02 0.0000000000000000e+00 0.0000000000000000e+00 0.0000000000000000e+00
1.3275668943700414e-01 0.0000000000000000e+00 0.0000000000000000e+00 9.8999999999999999e-01 0.0000000000000000e+00 1.0000000000000000e-02 0.0000000000000000e+00 0.0000000000000000e+00 0.0000000000000000e+00
1.3479265855083167e-01 0.0000000000000000e+00 0.0000000000000000e+00 9.8999999999999999e-01 0.0000000000000000e+00 1.0000000000000000e-02 0.0000000000000000e+00 0.0000000000000000e+00 0.0000000000000000e+00
1.3685239384382453e-01 0.0000000000000000e+00 0.0000000000000000e+00 9.8999999999999999e-01 0.0000000000000000e+00 1.0000000000000000e-02 0.0000000000000000e+00 0.0000000000000000e+00 0.0000000000000000e+00
1.3893695611106716e-01 0.0000000000000000e+00 0.0000000000000000e+00 9.8999999999999999e-01 0.0000000000000000e+00 1.0000000000000000e-02 0.0000000000000000e+00 0.0000000000000000e+00 0.0000000000000000e+00
1.4104147899135722e-01 0.0000000000000000e+00 0.0000000000000000e+00 9.8999999999999999e-01 0.0000000000000000e+00 1.0000000000000000e-02 0.0000000000000000e+00 0.0000000000000000e+00 0.0000000000000000e+00
1.4315976272147013e-01 0.0000000000000000e+00 0.0000000000000000e+00 9.8999999999999999e-01 0.0000000000000000e+00 1.0000000000000000e-02 0.0000000000000000e+00 0.0000000000000000e+00 0.0000000000000000e+00
1.4528783195431194e-01 0.0000000000000000e+00 0.0000000000000000e+00 9.8999999999999999e-01 0.0000000000000000e+00 1.0000000000000000e-02 0.0000000000000000e+00 0.0000000000000000e+00 0.0000000000000000e+00
1.4742438943892844e-01 0.0000000000000000e+00 0.0000000000000000e+00 9.8999999999999999e-01 0.0000000000000000e+00 1.0000000000000000e-02 0.0000000000000000e+00 0.0000000000000000e+00 0.0000000000000000e+00
1.4956852316006808e-01 0.0000000000000000e+00 0.0000000000000000e+00 9.8999999999999999e-01 0.0000000000000000e+00 1.0000000000000000e-02 0.0000000000000000e+00 0.0000000000000000e+00 0.0000000000000000e+00
1.5171789819904702e-01 0.0000000000000000e+00 0.0000000000000000e+00 9.8999999999999999e-01 0.0000000000000000e+00 1.0000000000000000e-02 0.0000000000000000e+00 0.0000000000000000e+00 0.0000000000000000e+00
1.5387152084393407e-01 0.0000000000000000e+00 0.0000000000000000e+00 9.8999999999999999e-01 0.0000000000000000e+00 1.0000000000000000e-02 0.0000000000000000e+00 0.0000000000000000e+00 0.0000000000000000e+00
1.5603631708014964e-01 0.0000000000000000e+00 0.0000000000000000e+00 9.8999999999999999e-01 0.0000000000000000e+00 1.0000000000000000e-02 0.0000000000000000e+00 0.0000000000000000e+00 0.0000000000000000e+00
1.5822892448851822e-01 0.0000000000000000e+00 0.0000000000000000e+00 9.8999999999999999e-01 0.0000000000000000e+00 1.0000000000000000e-02 0.0000000000000000e+00 0.0000000000000000e+00 0.0000000000000000e+00
1.6046532467238539e-01 0.0000000000000000e+00 0.0000000000000000e+00 9.8999999999999999e-01 0.0000000000000000e+00 1.0000000000000000e-02 0.0000000000000000e+00 0.0000000000000000e+00 0.0000000000000000e+00
1.6274894636714310e-01 0.0000000000000000e+00 0.0000000000000000e+00 9.8999999999999999e-01 0.0000000000000000e+00 1.0000000000000000e-02 0.0000000000000000e+00 0.0000000000000000e+00 0.0000000000000000e+00
1.6506807582867900e-01 0.0000000000000000e+00 0.0000000000000000e+00 9.8999999999999999e-01 0.0000000000000000e+00 1.0000000000000000e-02 0.0000000000000000e+00 0.0000000000000000e+00 0.0000000000000000e+00
1.6740315766117031e-01 0.0000000000000000e+00 0.0000000000000000e+00 9.8999999999999999e-01 0.0000000000000000e+00 1.0000000000000000e-02 0.0000000000000000e+00 0.0000000000000000e+00 0.0000000000000000e+00
1.6973889532510067e-01 0.0000000000000000e+00 0.0000000000000000e+00 9.8999999999999999e-01 0.0000000000000000e+00 1.0000000000000000e-02 0.0000000000000000e+00 0.0000000000000000e+00 0.0000000000000000e+00
1.7206843531460780e-01 0.0000000000000000e+00 0.0000000000000000e+00 9.8999999999999999e-01 0.0000000000000000e+00 1.0000000000000000e-02 0.0000000000000000e+00 0.0000000000000000e+00 0.0000000000000000e+00
1.7439056028532107e-01 0.0000000000000000e+00 0.0000000000000000e+00 9.8999999999999999e-01 0.0000000000000000e+00 1.0000000000000000e-02 0.0000000000000000e+00 0.0000000000000000e+00 0.0000000000000000e+00
1.7670665710529787e-01 0.0000000000000000e+00 0.0000000000000000e+00 9.8999999999999999e-01 0.0000000000000000e+00 1.0000000000000000e-02 0.0000000000000000e+00 0.0000000000000000e+00 0.0000000000000000e+00
1.7902055241038961e-01 0.0000000000000000e+00 0.0000000000000000e+00 9.8999999999999999e-01 0.0000000000000000e+00 1.0000000000000000e-02 0.0000000000000000e+00 0.0000000000000000e+00 0.0000000000000000e+00
1.8133724972482579e-01 0.0000000000000000e+00 0.0000000000000000e+00 9.8999999999999999e-01 0.0000000000000000e+00 1.0000000000000000e-02 0.0000000000000000e+00 0.0000000000000000e+00 0.0000000000000000e+00
1.8365732380012512e-01 0.0000000000000000e+00 0.0000000000000000e+00 9.8999999999999999e-01 0.0000000000000000e+00 1.0000000000000000e-02 0.0000000000000000e+00 0.0000000000000000e+00 0.0000000000000000e+00
1.8597210922607088e-01 0.0000000000000000e+00 0.0000000000000000e+00 9.8999999999999999e-01 0.0000000000000000e+00 1.0000000000000000e-02 0.0000000000000000e+00 0.0000000000000000e+00 0.0000000000000000e+00
1.8826920375714096e-01 0.0000000000000000e+00 0.0000000000000000e+00 9.8999999999999999e-01 0.0000000000000000e+00 1.0000000000000000e-02 0.0000000000000000e+00 0.0000000000000000e+00 0.0000000000000000e+00
1.9054018142102835e-01 0.0000000000000000e+00 0.0000000000000000e+00 9.8999999999999999e-01 0.0000000000000000e+00 1.0000000000000000e-02 0.0000000000000000e+00 0.0000000000000000e+00 0.0000000000000000e+00
1.9278264122056987e-01 0.0000000000000000e+00 0.0000000000000000e+00 9.8999999999999999e-01 0.0000000000000000e+00 1.0000000000000000e-02 0.0000000000000000e+00 0.0000000000000000e+00 0.0000000000000000e+00
1.9500077762943069e-01 0.0000000000000000e+00 0.0000000000000000e+00 9.8999999999999999e-01 0.0000000000000000e+00 1.0000000000000000e-02 0.0000000000000000e+00 0.0000000000000000e+00 0.0000000000000000e+00
1.9720357093218432e-01 0.0000000000000000e+00 0.0000000000000000e+00 9.8999999999999999e-01 0.0000000000000000e+00 1.0000000000000000e-02 0.0000000000000000e+00 0.0000000000000000e+00 0.0000000000000000e+00
1.9940084731650554e-01 0.0000000000000000e+00 0.0000000000000000e+00 9.8999999999999999e-01 0.0000000000000000e+00 1.0000000000000000e-02 0.0000000000000000e+00 0.0000000000000000e+00 0.0000000000000000e+00
2.0159764299540694e-01 0.0000000000000000e+00 0.0000000000000000e+00 9.8999999999999999e-01 0.0000000000000000e+00 1.0000000000000000e-02 0.0000000000000000e+00 0.0000000000000000e+00 0.0000000000000000e+00
2.0379133911276426e-01 0.0000000000000000e+00 0.0000000000000000e+00 9.8999999999999999e-01 0.0000000000000000e+00 1.0000000000000000e-02 0.0000000000000000e+00 0.0000000000000000e+00 0.0000000000000000e+00
2.0597205009561492e-01 0.0000000000000000e+00 0.0000000000000000e+00 9.8999999999999999e-01 0.0000000000000000e+00 1.0000000000000000e-02 0.0000000000000000e+00 0.0000000000000000e+00 0.0000000000000000e+00
2.0812746514194536e-01 0.0000000000000000e+00 0.0000000000000000e+00 9.8999999999999999e-01 0.0000000000000000e+00 1.0000000000000000e-02 0.0000000000000000e+00 0.0000000000000000e+00 0.0000000000000000e+00
2.1024951848474849e-01 0.0000000000000000e+00 0.0000000000000000e+00 9.8999999999999999e-01 0.0000000000000000e+00 1.0000000000000000e-02 0.0000000000000000e+00 0.0000000000000000e+00 0.0000000000000000e+00
2.1233554462331106e-01 0.0000000000000000e+00 0.0000000000000000e+00 9.8999999999999999e-01 0.0000000000000000e+00 1.0000000000000000e-02 0.0000000000000000e+00 0.0000000000000000e+00 0.0000000000000000e+00
2.1438829363081990e-01 0.0000000000000000e+00 0.0000000000000000e+00 9.8999999999999999e-01 0.0000000000000000e+00 1.0000000000000000e-02 0.0000000000000000e+00 0.0000000000000000e+00 0.0000000000000000e+00
2.1641449357634390e-01 0.0000000000000000e+00 0.0000000000000000e+00 9.8999999999999999e-01 0.0000000000000000e+00 1.0000000000000000e-02 0.0000000000000000e+00 0.0000000000000000e+00 0.0000000000000000e+00
2.1841880883966713e-01 0.0000000000000000e+00 0.0000000000000000e+00 9.8999999999999999e-01 0.0000000000000000e+00 1.0000000000000000e-02 0.0000000000000000e+00 0.0000000000000000e+00 0.0000000000000000e+00
2.2039830686172313e-01 0.0000000000000000e+00 0.0000000000000000e+00 9.8999999999999999e-01 0.0000000000000000e+00 1.0000000000000000e-02 0.0000000000000000e+00 0.0000000000000000e+00 0.0000000000000000e+00
2.2234607438030529e-01 0.0000000000000000e+00 0.0000000000000000e+00 9.8999999999999999e-01 0.0000000000000000e+00 1.0000000000000000e-02 0.0000000000000000e+00 0.0000000000000000e+00 0.0000000000000000e+00
2.2425697803383016e-01 0.0000000000000000e+00 0.0000000000000000e+00 9.8999999999999999e-01 0.0000000000000000e+00 1.0000000000000000e-02 0.0000000000000000e+00 0.0000000000000000e+00 0.0000000000000000e+00
2.2612929437195295e-01 0.0000000000000000e+00 0.0000000000000000e+00 9.8999999999999999e-01 0.0000000000000000e+00 1.0000000000000000e-02 0.0000000000000000e+00 0.0000000000000000e+00 0.0000000000000000e+00
2.2796453199501632e-01 0.0000000000000000e+00 0.0000000000000000e+00 9.8999999999999999e-01 0.0000000000000000e+00 1.0000000000000000e-02 0.0000000000000000e+00 0.0000000000000000e+00 0.0000000000000000e+00
2.2976729939804463e-01 0.0000000000000000e+00 0.0000000000000000e+00 9.8999999999999999e-01 0.0000000000000000e+00 1.0000000000000000e-02 0.0000000000000000e+00 0.0000000000000000e+00 0.0000000000000000e+00
2.3154433945443686e-01 0.0000000000000000e+00 0.0000000000000000e+00 9.8999999999999999e-01 0.0000000000000000e+00 1.0000000000000000e-02 0.0000000000000000e+00 0.0000000000000000e+00 0.0000000000000000e+00
2.3330071417620202e-01 0.0000000000000000e+00 0.0000000000000000e+00 9.8999999999999999e-01 0.0000000000000000e+00 1.0000000000000000e-02 0.0000000000000000e+00 0.0000000000000000e+00 0.0000000000000000e+00
2.3503669237979974e-01 0.0000000000000000e+00 0.0000000000000000e+00 9.8999999999999999e-01 0.0000000000000000e+00 1.0000000000000000e-02 0.0000000000000000e+00 0.0000000000000000e+00 0.0000000000000000e+00
2.3674946170299838e-01 0.0000000000000000e+00 0.0000000000000000e+00 9.8999999999999999e-01 0.0000000000000000e+00 1.0000000000000000e-02 0.0000000000000000e+00 0.0000000000000000e+00 0.0000000000000000e+00
2.3843546906488122e-01 0.0000000000000000e+00 0.0000000000000000e+00 9.8999999999999999e-01 0.0000000000000000e+00 1.0000000000000000e-02 0.0000000000000000e+00 0.0000000000000000e+00 0.0000000000000000e+00
2.4009031116878032e-01 0.0000000000000000e+00 0.0000000000000000e+00 9.8999999999999999e-01 0.0000000000000000e+00 1.0000000000000000e-02 0.0000000000000000e+00 0.0000000000000000e+00 0.0000000000000000e+00
2.4170963707829196e-01 0.0000000000000000e+00 0.0000000000000000e+00 9.8999999999999999e-01 0.0000000000000000e+00 1.0000000000000000e-02 0.0000000000000000e+00 0.0000000000000000e+00 0.0000000000000000e+00
2.4329167119820960e-01 0.0000000000000000e+00 0.0000000000000000e+00 9.8999999999999999e-01 0.0000000000000000e+00 1.0000000000000000e-02 0.0000000000000000e+00 0.0000000000000000e+00 0.0000000000000000e+00
2.4483610605234674e-01 0.0000000000000000e+00 0.0000000000000000e+00 9.8999999999999999e-01 0.0000000000000000e+00 1.0000000000000000e-02 0.0000000000000000e+00 0.0000000000000000e+00 0.0000000000000000e+00
2.4634309202553994e-01 0.0000000000000000e+00 0.0000000000000000e+00 9.8999999999999999e-01 0.0000000000000000e+00 1.0000000000000000e-02 0.0000000000000000e+00 0.0000000000000000e+00 0.0000000000000000e+00
2.4781293397023207e-01 0.0000000000000000e+00 0.0000000000000000e+00 9.8999999999999999e-01 0.0000000000000000e+00 1.0000000000000000e-02 0.0000000000000000e+00 0.0000000000000000e+00 0.0000000000000000e+00
2.4924599979393902e-01 0.0000000000000000e+00 0.0000000000000000e+00 9.8999999999999999e-01 0.0000000000000000e+00 1.0000000000000000e-02 0.0000000000000000e+00 0.0000000000000000e+00 0.0000000000000000e+00
2.5064309549663788e-01 0.0000000000000000e+00 0.0000000000000000e+00 9.8999999999999999e-01 0.0000000000000000e+00 1.0000000000000000e-02 0.0000000000000000e+00 0.0000000000000000e+00 0.0000000000000000e+00
2.5200589541102802e-01 0.0000000000000000e+00 0.0000000000000000e+00 9.8999999999999999e-01 0.0000000000000000e+00 1.0000000000000000e-02 0.0000000000000000e+00 0.0000000000000000e+00 0.0000000000000000e+00
2.5334047788339453e-01 0.0000000000000000e+00 0.0000000000000000e+00 9.8999999999999999e-01 0.0000000000000000e+00 1.0000000000000000e-02 0.0000000000000000e+00 0.0000000000000000e+00 0.0000000000000000e+00
2.5465986747444724e-01 0.0000000000000000e+00 0.0000000000000000e+00 9.8999999999999999e-01 0.0000000000000000e+00 1.0000000000000000e-02 0.0000000000000000e+00 0.0000000000000000e+00 0.0000000000000000e+00
2.5598004086491832e-01 0.0000000000000000e+00 0.0000000000000000e+00 9.8999999999999999e-01 0.0000000000000000e+00 1.0000000000000000e-02 0.0000000000000000e+00 0.0000000000000000e+00 0.0000000000000000e+00
2.5732013269441967e-01 0.0000000000000000e+00 0.0000000000000000e+00 9.8999999999999999e-01 0.0000000000000000e+00 1.0000000000000000e-02 0.0000000000000000e+00 0.0000000000000000e+00 0.0000000000000000e+00
2.5870587998450878e-01 0.0000000000000000e+00 0.0000000000000000e+00 9.8999999999999999e-01 0.0000000000000000e+00 1.0000000000000000e-02 0.0000000000000000e+00 0.0000000000000000e+00 0.0000000000000000e+00
2.6016252600458911e-01 0.0000000000000000e+00 0.0000000000000000e+00 9.8999999999999999e-01 0.0000000000000000e+00 1.0000000000000000e-02 0.0000000000000000e+00 0.0000000000000000e+00 0.0000000000000000e+00
2.6170512731433315e-01 0.0000000000000000e+00 0.0000000000000000e+00 9.8999999999999999e-01 0.0000000000000000e+00 1.0000000000000000e-02 0.0000000000000000e+00 0.0000000000000000e+00 0.0000000000000000e+00
2.6334315203105629e-01 0.0000000000000000e+00 0.0000000000000000e+00 9.8999999999999999e-01 0.0000000000000000e+00 1.0000000000000000e-02 0.0000000000000000e+00 0.0000000000000000e+00 0.0000000000000000e+00
2.6509142074497982e-01 0.0000000000000000e+00 0.0000000000000000e+00 9.8999999999999999e-01 0.0000000000000000e+00 1.0000000000000000e-02 0.0000000000000000e+00 0.0000000000000000e+00 0.0000000000000000e+00
2.6697765540838325e-01 0.0000000000000000e+00 0.0000000000000000e+00 9.8999999999999999e-01 0.0000000000000000e+00 1.0000000000000000e-02 0.0000000000000000e+00 0.0000000000000000e+00 0.0000000000000000e+00
2.6904150258734183e-01 0.0000000000000000e+00 0.0000000000000000e+00 9.8999999999999999e-01 0.0000000000000000e+00 1.0000000000000000e-02 0.0000000000000000e+00 0.0000000000000000e+00 0.0000000000000000e+00
2.7132918599769240e-01 0.0000000000000000e+00 0.0000000000000000e+00 9.8999999999999999e-01 0.0000000000000000e+00 1.0000000000000000e-02 0.0000000000000000e+00 0.0000000000000000e+00 0.0000000000000000e+00
2.7389093006563969e-01 0.0000000000000000e+00 0.0000000000000000e+00 9.8999999999999999e-01 0.0000000000000000e+00 1.0000000000000000e-02 0.0000000000000000e+00 0.0000000000000000e+00 0.0000000000000000e+00
2.7678482679507632e-01 0.0000000000000000e+00 0.0000000000000000e+00 9.8999999999999999e-01 0.0000000000000000e+00 1.0000000000000000e-02 0.0000000000000000e+00 0.0000000000000000e+00 0.0000000000000000e+00
2.8007823028837486e-01 0.0000000000000000e+00 0.0000000000000000e+00 9.8999999999999999e-01 0.0000000000000000e+00 1.0000000000000000e-02 0.0000000000000000e+00 0.0000000000000000e+00 0.0000000000000000e+00
2.8384524087707241e-01 0.0000000000000000e+00 0.0000000000000000e+00 9.8999999999999999e-01 0.0000000000000000e+00 1.0000000000000000e-02 0.0000000000000000e+00 0.0000000000000000e+00 0.0000000000000000e+00
2.8816229906521063e-01 0.0000000000000000e+00 0.0000000000000000e+00 9.8999999999999999e-01 0.0000000000000000e+00 1.0000000000000000e-02 0.0000000000000000e+00 0.0000000000000000e+00 0.0000000000000000e+00
2.9310702836664282e-01 0.0000000000000000e+00 0.0000000000000000e+00 9.8999999999999999e-01 0.0000000000000000e+00 1.0000000000000000e-02 0.0000000000000000e+00 0.0000000000000000e+00 0.0000000000000000e+00
2.9877119416992792e-01 0.0000000000000000e+00 0.0000000000000000e+00 9.8999999999999999e-01 0.0000000000000000e+00 1.0000000000000000e-02 0.0000000000000000e+00 0.0000000000000000e+00 0.0000000000000000e+00
3.0524928299178589e-01 0.0000000000000000e+00 0.0000000000000000e+00 9.8999999999999999e-01 0.0000000000000000e+00 1.0000000000000000e-02 0.0000000000000000e+00 0.0000000000000000e+00 0.0000000000000000e+00
3.1261963119705494e-01 0.0000000000000000e+00 0.0000000000000000e+00 9.8999999999999999e-01 0.0000000000000000e+00 1.0000000000000000e-02 0.0000000000000000e+00 0.0000000000000000e+00 0.0000000000000000e+00
3.2096182085643399e-01 0.0000000000000000e+00 0.0000000000000000e+00 9.8999999999999999e-01 0.0000000000000000e+00 1.0000000000000000e-02 0.0000000000000000e+00 0.0000000000000000e+00 0.0000000000000000e+00
3.3035391967787553e-01 0.0000000000000000e+00 0.0000000000000000e+00 9.8999999999999999e-01 0.0000000000000000e+00 1.0000000000000000e-02 0.0000000000000000e+00 0.0000000000000000e+00 0.0000000000000000e+00
3.4085964845242789e-01 0.0000000000000000e+00 0.0000000000000000e+00 9.8999999999999999e-01 0.0000000000000000e+00 1.0000000000000000e-02 0.0000000000000000e+00 0.0000000000000000e+00 0.0000000000000000e+00
3.5251683179852356e-01 0.0000000000000000e+00 0.0000000000000000e+00 9.8999999999999999e-01 0.0000000000000000e+00 1.0000000000000000e-02 0.0000000000000000e+00 0.0000000000000000e+00 0.0000000000000000e+00
3.6532659052205230e-01 0.0000000000000000e+00 0.0000000000000000e+00 9.8999999999999999e-01 0.0000000000000000e+00 1.0000000000000000e-02 0.0000000000000000e+00 0.0000000000000000e+00 0.0000000000000000e+00
3.7924330299957887e-01 0.0000000000000000e+00 0.0000000000000000e+00 9.8999999999999999e-01 0.0000000000000000e+00 1.0000000000000000e-02 0.0000000000000000e+00 0.0000000000000000e+00 0.0000000000000000e+00
3.9417502347455635e-01 0.0000000000000000e+00 0.0000000000000000e+00 9.8999999999999999e-01 0.0000000000000000e+00 1.0000000000000000e-02 0.0000000000000000e+00 0.0000000000000000e+00 0.0000000000000000e+00
4.1000707736652264e-01 0.0000000000000000e+00 0.0000000000000000e+00 9.8999999999999999e-01 0.0000000000000000e+00 1.0000000000000000e-02 0.0000000000000000e+00 0.0000000000000000e+00 0.0000000000000000e+00
4.2664269837189606e-01 0.0000000000000000e+00 0.0000000000000000e+00 9.8999999999999999e-01 0.0000000000000000e+00 1.0000000000000000e-02 0.0000000000000000e+00 0.0000000000000000e+00 0.0000000000000000e+00
4.4403297458955648e-01 0.0000000000000000e+00 0.0000000000000000e+00 9.8999999999999999e-01 0.0000000000000000e+00 1.0000000000000000e-02 0.0000000000000000e+00 0.0000000000000000e+00 0.0000000000000000e+00
4.6217899860476119e-01 0.0000000000000000e+00 0.0000000000000000e+00 9.8999999999999999e-01 0.0000000000000000e+00 1.0000000000000000e-02 0.0000000000000000e+00 0.0000000000000000e+00 0.0000000000000000e+00
4.8110266189540929e-01 0.0000000000000000e+00 0.0000000000000000e+00 9.8999999999999999e-01 0.0000000000000000e+00 1.0000000000000000e-02 0.0000000000000000e+00 0.0000000000000000e+00 0.0000000000000000e+00
5.0080534289818768e-01 0.0000000000000000e+00 0.0000000000000000e+00 9.8999999999999999e-01 0.0000000000000000e+00 1.0000000000000000e-02 0.0000000000000000e+00 0.0000000000000000e+00 0.0000000000000000e+00
5.2123560023108972e-01 0.0000000000000000e+00 0.0000000000000000e+00 9.8999999999999999e-01 0.0000000000000000e+00 1.0000000000000000e-02 0.0000000000000000e+00 0.0000000000000000e+00 0.0000000000000000e+00
5.4227566551155859e-01 0.0000000000000000e+00 0.0000000000000000e+00 9.8999999999999999e-01 0.0000000000000000e+00 1.0000000000000000e-02 0.0000000000000000e+00 0.0000000000000000e+00 0.0000000000000000e+00
5.6375199808448473e-01 0.0000000000000000e+00 0.0000000000000000e+00 9.8999999999999999e-01 0.0000000000000000e+00 1.0000000000000000e-02 0.0000000000000000e+00 0.0000000000000000e+00 0.0000000000000000e+00
5.8545638161965019e-01 0.0000000000000000e+00 0.0000000000000000e+00 9.8999999999999999e-01 0.0000000000000000e+00 1.0000000000000000e-02 0.0000000000000000e+00 0.0000000000000000e+00 0.0000000000000000e+00
6.0717054150473693e-01 0.0000000000000000e+00 0.0000000000000000e+00 9.8999999999999999e-01 0.0000000000000000e+00 1.0000000000000000e-02 0.0000000000000000e+00 0.0000000000000000e+00 0.0000000000000000e+00
6.2868776036049057e-01 0.0000000000000000e+00 0.0000000000000000e+00 9.8999999999999999e-01 0.0000000000000000e+00 1.0000000000000000e-02 0.0000000000000000e+00 0.0000000000000000e+00 0.0000000000000000e+00
6.4983133944153537e-01 0.0000000000000000e+00 0.0000000000000000e+00 9.8999999999999999e-01 0.0000000000000000e+00 1.0000000000000000e-02 0.0000000000000000e+00 0.0000000000000000e+00 0.0000000000000000e+00
6.7046400904067593e-01 0.0000000000000000e+00 0.0000000000000000e+00 9.8999999999999999e-01 0.0000000000000000e+00 1.0000000000000000e-02 0.0000000000000000e+00 0.0000000000000000e+00 0.0000000000000000e+00
6.9048607604968226e-01 0.0000000000000000e+00 0.0000000000000000e+00 9.8999999999999999e-01 0.0000000000000000e+00 1.0000000000000000e-02 0.0000000000000000e+00 0.0000000000000000e+00 0.0000000000000000e+00
7.0982700040566304e-01 0.0000000000000000e+00 0.0000000000000000e+00 9.8999999999999999e-01 0.0000000000000000e+00 1.0000000000000000e-02 0.0000000000000000e+00 0.0000000000000000e+00 0.0000000000000000e+00
7.2843637542131656e-01 0.0000000000000000e+00 0.0000000000000000e+00 9.8999999999999999e-01 0.0000000000000000e+00 1.0000000000000000e-02 0.0000000000000000e+00 0.0000000000000000e+00 0.0000000000000000e+00
7.4627850306062060e-01 0.0000000000000000e+00 0.0000000000000000e+00 9.8999999999999999e-01 0.0000000000000000e+00 1.0000000000000000e-02 0.0000000000000000e+00 0.0000000000000000e+00 0.0000000000000000e+00
7.6332895745163809e-01 0.0000000000000000e+00 0.0000000000000000e+00 9.8999999999999999e-01 0.0000000000000000e+00 1.0000000000000000e-02 0.0000000000000000e+00 0.0000000000000000e+00 0.0000000000000000e+00
7.7957198346227252e-01 0.0000000000000000e+00 0.0000000000000000e+00 9.8999999999999999e-01 0.0000000000000000e+00 1.0000000000000000e-02 0.0000000000000000e+00 0.0000000000000000e+00 0.0000000000000000e+00
7.9500057072532981e-01 0.0000000000000000e+00 0.0000000000000000e+00 9.8999999999999999e-01 0.0000000000000000e+00 1.0000000000000000e-02 0.0000000000000000e+00 0.0000000000000000e+00 0.0000000000000000e+00
8.0961449987393841e-01 0.0000000000000000e+00 0.0000000000000000e+00 9.8999999999999999e-01 0.0000000000000000e+00 1.0000000000000000e-02 0.0000000000000000e+00 0.0000000000000000e+00 0.0000000000000000e+00
8.2342004987186102e-01 0.0000000000000000e+00 0.0000000000000000e+00 9.8999999999999999e-01 0.0000000000000000e+00 1.0000000000000000e-02 0.0000000000000000e+00 0.0000000000000000e+00 0.0000000000000000e+00
8.3642955921915663e-01 0.0000000000000000e+00 0.0000000000000000e+00 9.8999999999999999e-01 0.0000000000000000e+00 1.0000000000000000e-02 0.0000000000000000e+00 0.0000000000000000e+00 0.0000000000000000e+00
8.4866076993621098e-01 0.0000000000000000e+00 0.0000000000000000e+00 9.8999999999999999e-01 0.0000000000000000e+00 1.0000000000000000e-02 0.0000000000000000e+00 0.0000000000000000e+00 0.0000000000000000e+00
8.6013558592113970e-01 0.0000000000000000e+00 0.0000000000000000e+00 9.8999999999999999e-01 0.0000000000000000e+00 1.0000000000000000e-02 0.0000000000000000e+00 0.0000000000000000e+00 0.0000000000000000e+00
8.7087937707780061e-01 0.0000000000000000e+00 0.0000000000000000e+00 9.8999999999999999e-01 0.0000000000000000e+00 1.0000000000000000e-02 0.0000000000000000e+00 0.0000000000000000e+00 0.0000000000000000e+00
8.8091999857428738e-01 0.0000000000000000e+00 0.0000000000000000e+00 9.8999999999999999e-01 0.0000000000000000e+00 1.0000000000000000e-02 0.0000000000000000e+00 0.0000000000000000e+00 0.0000000000000000e+00
8.9028701948148681e-01 0.0000000000000000e+00 0.0000000000000000e+00 9.8999999999999999e-01 0.0000000000000000e+00 1.0000000000000000e-02 0.0000000000000000e+00 0.0000000000000000e+00 0.0000000000000000e+00
8.9901128801058527e-01 0.0000000000000000e+00 0.0000000000000000e+00 9.8999999999999999e-01 0.0000000000000000e+00 1.0000000000000000e-02 0.0000000000000000e+00 0.0000000000000000e+00 0.0000000000000000e+00
9.0712444079886190e-01 0.0000000000000000e+00 0.0000000000000000e+00 9.8999999999999999e-01 0.0000000000000000e+00 1.0000000000000000e-02 0.0000000000000000e+00 0.0000000000000000e+00 0.0000000000000000e+00
9.1465842591251934e-01 0.0000000000000000e+00 0.0000000000000000e+00 9.8999999999999999e-01 0.0000000000000000e+00 1.0000000000000000e-02 0.0000000000000000e+00 0.0000000000000000e+00 0.0000000000000000e+00
9.2164512749009431e-01 0.0000000000000000e+00 0.0000000000000000e+00 9.8999999999999999e-01 0.0000000000000000e+00 1.0000000000000000e-02 0.0000000000000000e+00 0.0000000000000000e+00 0.0000000000000000e+00
9.2811607223440395e-01 0.0000000000000000e+00 0.0000000000000000e+00 9.8999999999999999e-01 0.0000000000000000e+00 1.0000000000000000e-02 0.0000000000000000e+00 0.0000000000000000e+00 0.0000000000000000e+00
9.3410218188341165e-01 0.0000000000000000e+00 0.0000000000000000e+00 9.8999999999999999e-01 0.0000000000000000e+00 1.0000000000000000e-02 0.0000000000000000e+00 0.0000000000000000e+00 0.0000000000000000e+00
9.3963357234911782e-01 0.0000000000000000e+00 0.0000000000000000e+00 9.8999999999999999e-01 0.0000000000000000e+00 1.0000000000000000e-02 0.0000000000000000e+00 0.0000000000000000e+00 0.0000000000000000e+00
9.4473939981235577e-01 0.0000000000000000e+00 0.0000000000000000e+00 9.8999999999999999e-01 0.0000000000000000e+00 1.0000000000000000e-02 0.0000000000000000e+00 0.0000000000000000e+00 0.0000000000000000e+00
9.4944773657570514e-01 0.0000000000000000e+00 0.0000000000000000e+00 9.8999999999999999e-01 0.0000000000000000e+00 1.0000000000000000e-02 0.0000000000000000e+00 0.0000000000000000e+00 0.0000000000000000e+00
9.5378548285586473e-01 0.0000000000000000e+00 0.0000000000000000e+00 9.8999999999999999e-01 0.0000000000000000e+00 1.0000000000000000e-02 0.0000000000000000e+00 0.0000000000000000e+00 0.0000000000000000e+00
9.5777830449012413e-01 0.0000000000000000e+00 0.0000000000000000e+00 9.8999999999999999e-01 0.0000000000000000e+00 1.0000000000000000e-02 0.0000000000000000e+00 0.0000000000000000e+00 0.0000000000000000e+00
9.6145060424593398e-01 0.0000000000000000e+00 0.0000000000000000e+00 9.8999999999999999e-01 0.0000000000000000e+00 1.0000000000000000e-02 0.0000000000000000e+00 0.0000000000000000e+00 0.0000000000000000e+00
9.6482549761777248e-01 0.0000000000000000e+00 0.0000000000000000e+00 9.8999999999999999e-01 0.0000000000000000e+00 1.0000000000000000e-02 0.0000000000000000e+00 0.0000000000000000e+00 0.0000000000000000e+00
9.6792481763958760e-01 0.0000000000000000e+00 0.0000000000000000e+00 9.8999999999999999e-01 0.0000000000000000e+00 1.0000000000000000e-02 0.0000000000000000e+00 0.0000000000000000e+00 0.0000000000000000e+00
9.7076911895901974e-01 0.0000000000000000e+00 0.0000000000000000e+00 9.8999999999999999e-01 0.0000000000000000e+00 1.0000000000000000e-02 0.0000000000000000e+00 0.0000000000000000e+00 0.0000000000000000e+00
9.7337771261108741e-01 0.0000000000000000e+00 0.0000000000000000e+00 9.8999999999999999e-01 0.0000000000000000e+00 1.0000000000000000e-02 0.0000000000000000e+00 0.0000000000000000e+00 0.0000000000000000e+00
9.7576868981727438e-01 0.0000000000000000e+00 0.0000000000000000e+00 9.8999999999999999e-01 0.0000000000000000e+00 1.0000000000000000e-02 0.0000000000000000e+00 0.0000000000000000e+00 0.0000000000000000e+00
9.7795896322942211e-01 0.0000000000000000e+00 0.0000000000000000e+00 9.8999999999999999e-01 0.0000000000000000e+00 1.0000000000000000e-02 0.0000000000000000e+00 0.0000000000000000e+00 0.0000000000000000e+00
9.7996430518353794e-01 0.0000000000000000e+00 0.0000000000000000e+00 9.8999999999999999e-01 0.0000000000000000e+00 1.0000000000000000e-02 0.0000000000000000e+00 0.0000000000000000e+00 0.0000000000000000e+00
9.8179940126967202e-01 0.0000000000000000e+00 0.0000000000000000e+00 9.8999999999999999e-01 0.0000000000000000e+00 1.0000000000000000e-02 0.0000000000000000e+00 0.0000000000000000e+00 0.0000000000000000e+00
9.8347790731497242e-01 0.0000000000000000e+00 0.0000000000000000e+00 9.8999999999999999e-01 0.0000000000000000e+00 1.0000000000000000e-02 0.0000000000000000e+00 0.0000000000000000e+00 0.0000000000000000e+00
9.8501250084594461e-01 0.0000000000000000e+00 0.0000000000000000e+00 9.8999999999999999e-01 0.0000000000000000e+00 1.0000000000000000e-02 0.0000000000000000e+00 0.0000000000000000e+00 0.0000000000000000e+00
9.8641493511520817e-01 0.0000000000000000e+00 0.0000000000000000e+00 9.8999999999999999e-01 0.0000000000000000e+00 1.0000000000000000e-02 0.0000000000000000e+00 0.0000000000000000e+00 0.0000000000000000e+00
9.8769608883932591e-01 0.0000000000000000e+00 0.0000000000000000e+00 9.8999999999999999e-01 0.0000000000000000e+00 1.0000000000000000e-02 0.0000000000000000e+00 0.0000000000000000e+00 0.0000000000000000e+00
9.8886601726933210e-01 0.0000000000000000e+00 0.0000000000000000e+00 9.8999999999999999e-01 0.0000000000000000e+00 1.0000000000000000e-02 0.0000000000000000e+00 0.0000000000000000e+00 0.0000000000000000e+00
9.8993400331188641e-01 0.0000000000000000e+00 0.0000000000000000e+00 9.8999999999999999e-01 0.0000000000000000e+00 1.0000000000000000e-02 0.0000000000000000e+00 0.0000000000000000e+00 0.0000000000000000e+00
9.9090860812823922e-01 0.0000000000000000e+00 0.0000000000000000e+00 9.8999999999999999e-01 0.0000000000000000e+00 1.0000000000000000e-02 0.0000000000000000e+00 0.0000000000000000e+00 0.0000000000000000e+00
9.9179772159339774e-01 0.0000000000000000e+00 0.0000000000000000e+00 9.8999999999999999e-01 0.0000000000000000e+00 1.0000000000000000e-02 0.0000000000000000e+00 0.0000000000000000e+00 0.0000000000000000e+00
9.9260860803999273e-01 0.0000000000000000e+00 0.0000000000000000e+00 9.8999999999999999e-01 0.0000000000000000e+00 1.0000000000000000e-02 0.0000000000000000e+00 0.0000000000000000e+00 0.0000000000000000e+00
9.9334794877881871e-01 0.0000000000000000e+00 0.0000000000000000e+00 9.8999999999999999e-01 0.0000000000000000e+00 1.0000000000000000e-02 0.0000000000000000e+00 0.0000000000000000e+00 0.0000000000000000e+00
9.9402188256028490e-01 0.0000000000000000e+00 0.0000000000000000e+00 9.8999999999999999e-01 0.0000000000000000e+00 1.0000000000000000e-02 0.0000000000000000e+00 0.0000000000000000e+00 0.0000000000000000e+00
9.9463604526493365e-01 0.0000000000000000e+00 0.0000000000000000e+00 9.8999999999999999e-01 0.0000000000000000e+00 1.0000000000000000e-02 0.0000000000000000e+00 0.0000000000000000e+00 0.0000000000000000e+00
9.9519560874616619e-01 0.0000000000000000e+00 0.0000000000000000e+00 9.8999999999999999e-01 0.0000000000000000e+00 1.0000000000000000e-02 0.0000000000000000e+00 0.0000000000000000e+00 0.0000000000000000e+00
9.9570531572619658e-01 0.0000000000000000e+00 0.0000000000000000e+00 9.8999999999999999e-01 0.0000000000000000e+00 1.0000000000000000e-02 0.0000000000000000e+00 0.0000000000000000e+00 0.0000000000000000e+00
9.9616951309441415e-01 0.0000000000000000e+00 0.0000000000000000e+00 9.8999999999999999e-01 0.0000000000000000e+00 1.0000000000000000e-02 0.0000000000000000e+00 0.0000000000000000e+00 0.0000000000000000e+00
9.9659218283322237e-01 0.0000000000000000e+00 0.0000000000000000e+00 9.8999999999999999e-01 0.0000000000000000e+00 1.0000000000000000e-02 0.0000000000000000e+00 0.0000000000000000e+00 0.0000000000000000e+00
9.9697696954863402e-01 0.0000000000000000e+00 0.0000000000000000e+00 9.8999999999999999e-01 0.0000000000000000e+00 1.0000000000000000e-02 0.0000000000000000e+00 0.0000000000000000e+00 0.0000000000000000e+00
9.9732720733241642e-01 0.0000000000000000e+00 0.0000000000000000e+00 9.8999999999999999e-01 0.0000000000000000e+00 1.0000000000000000e-02 0.0000000000000000e+00 0.0000000000000000e+00 0.0000000000000000e+00
9.9764594500166370e-01 0.0000000000000000e+00 0.0000000000000000e+00 9.8999999999999999e-01 0.0000000000000000e+00 1.0000000000000000e-02 0.0000000000000000e+00 0.0000000000000000e+00 0.0000000000000000e+00
9.9793596988210864e-01 0.0000000000000000e+00 0.0000000000000000e+00 9.8999999999999999e-01 0.0000000000000000e+00 1.0000000000000000e-02 0.0000000000000000e+00 0.0000000000000000e+00 0.0000000000000000e+00
9.9819982930499596e-01 0.0000000000000000e+00 0.0000000000000000e+00 9.8999999999999999e-01 0.0000000000000000e+00 1.0000000000000000e-02 0.0000000000000000e+00 0.0000000000000000e+00 0.0000000000000000e+00
9.9843985036226479e-01 0.0000000000000000e+00 0.0000000000000000e+00 9.8999999999999999e-01 0.0000000000000000e+00 1.0000000000000000e-02 0.0000000000000000e+00 0.0000000000000000e+00 0.0000000000000000e+00
9.9865815713960404e-01 0.0000000000000000e+00 0.0000000000000000e+00 9.8999999999999999e-01 0.0000000000000000e+00 1.0000000000000000e-02 0.0000000000000000e+00 0.0000000000000000e+00 0.0000000000000000e+00
9.9885668992463417e-01 0.0000000000000000e+00 0.0000000000000000e+00 9.8999999999999999e-01 0.0000000000000000e+00 1.0000000000000000e-02 0.0000000000000000e+00 0.0000000000000000e+00 0.0000000000000000e+00
9.9903722350488233e-01 0.0000000000000000e+00 0.0000000000000000e+00 9.8999999999999999e-01 0.0000000000000000e+00 1.0000000000000000e-02 0.0000000000000000e+00 0.0000000000000000e+00 0.0000000000000000e+00
9.9920137132561981e-01 0.0000000000000000e+00 0.0000000000000000e+00 9.8999999999999999e-01 0.0000000000000000e+00 1.0000000000000000e-02 0.0000000000000000e+00 0.0000000000000000e+00 0.0000000000000000e+00
9.9935060038320123e-01 0.0000000000000000e+00 0.0000000000000000e+00 9.8999999999999999e-01 0.0000000000000000e+00 1.0000000000000000e-02 0.0000000000000000e+00 0.0000000000000000e+00 0.0000000000000000e+00
9.9948624987708024e-01 0.0000000000000000e+00 0.0000000000000000e+00 9.8999999999999999e-01 0.0000000000000000e+00 1.0000000000000000e-02 0.0000000000000000e+00 0.0000000000000000e+00 0.0000000000000000e+00
9.9960954255746159e-01 0.0000000000000000e+00 0.0000000000000000e+00 9.8999999999999999e-01 0.0000000000000000e+00 1.0000000000000000e-02 0.0000000000000000e+00 0.0000000000000000e+00 0.0000000000000000e+00
9.9972159331080923e-01 0.0000000000000000e+00 0.0000000000000000e+00 9.8999999999999999e-01 0.0000000000000000e+00 1.0000000000000000e-02 0.0000000000000000e+00 0.0000000000000000e+00 0.0000000000000000e+00
9.9982341694247212e-01 0.0000000000000000e+00 0.0000000000000000e+00 9.8999999999999999e-01 0.0000000000000000e+00 1.0000000000000000e-02 0.0000000000000000e+00 0.0000000000000000e+00 0.0000000000000000e+00
1.0000000000000000e+00 0.0000000000000000e+00 0.0000000000000000e+00 9.8999999999999999e-01 0.0000000000000000e+00 1.0000000000000000e-02 0.0000000000000000e+00 0.0000000000000000e+00 0.0000000000000000e+00
