 3.325e+00 -8.000e+00 -1.602e+01 -5.041e+00 
 3.325e+00 -7.800e+00 -1.582e+01 -5.106e+00 
 3.325e+00 -7.600e+00 -1.562e+01 -5.169e+00 
 3.325e+00 -7.400e+00 -1.542e+01 -5.230e+00 
 3.325e+00 -7.200e+00 -1.522e+01 -5.287e+00 
 3.325e+00 -7.000e+00 -1.502e+01 -5.339e+00 
 3.325e+00 -6.800e+00 -1.482e+01 -5.384e+00 
 3.325e+00 -6.600e+00 -1.462e+01 -5.422e+00 
 3.325e+00 -6.400e+00 -1.442e+01 -5.454e+00 
 3.325e+00 -6.200e+00 -1.422e+01 -5.480e+00 
 3.325e+00 -6.000e+00 -1.402e+01 -5.501e+00 
 3.325e+00 -5.800e+00 -1.382e+01 -5.521e+00 
 3.325e+00 -5.600e+00 -1.362e+01 -5.541e+00 
 3.325e+00 -5.400e+00 -1.342e+01 -5.562e+00 
 3.325e+00 -5.200e+00 -1.322e+01 -5.587e+00 
 3.325e+00 -5.000e+00 -1.302e+01 -5.616e+00 
 3.325e+00 -4.800e+00 -1.282e+01 -5.649e+00 
 3.325e+00 -4.600e+00 -1.262e+01 -5.686e+00 
 3.325e+00 -4.400e+00 -1.242e+01 -5.725e+00 
 3.325e+00 -4.200e+00 -1.222e+01 -5.767e+00 
 3.325e+00 -4.000e+00 -1.202e+01 -5.811e+00 
 3.325e+00 -3.800e+00 -1.182e+01 -5.856e+00 
 3.325e+00 -3.600e+00 -1.162e+01 -5.900e+00 
 3.325e+00 -3.400e+00 -1.142e+01 -5.944e+00 
 3.325e+00 -3.200e+00 -1.122e+01 -5.986e+00 
 3.325e+00 -3.000e+00 -1.102e+01 -6.027e+00 
 3.325e+00 -2.800e+00 -1.082e+01 -6.066e+00 
 3.325e+00 -2.600e+00 -1.062e+01 -6.106e+00 
 3.325e+00 -2.400e+00 -1.042e+01 -6.148e+00 
 3.325e+00 -2.200e+00 -1.022e+01 -6.194e+00 
 3.325e+00 -2.000e+00 -1.002e+01 -6.245e+00 
 3.325e+00 -1.800e+00 -9.825e+00 -6.302e+00 
 3.325e+00 -1.600e+00 -9.625e+00 -6.365e+00 
 3.325e+00 -1.400e+00 -9.425e+00 -6.433e+00 
 3.325e+00 -1.200e+00 -9.225e+00 -6.506e+00 
 3.325e+00 -1.000e+00 -9.025e+00 -6.582e+00 
 3.325e+00 -8.000e-01 -8.825e+00 -6.662e+00 
 3.325e+00 -6.000e-01 -8.625e+00 -6.743e+00 
 3.325e+00 -4.000e-01 -8.425e+00 -6.826e+00 
 3.325e+00 -2.000e-01 -8.225e+00 -6.910e+00 
 3.325e+00  4.829e-15 -8.025e+00 -6.994e+00 
 3.325e+00  2.000e-01 -7.825e+00 -7.077e+00 
 3.325e+00  4.000e-01 -7.625e+00 -7.160e+00 
 3.325e+00  6.000e-01 -7.425e+00 -7.242e+00 
 3.325e+00  8.000e-01 -7.225e+00 -7.321e+00
 3.325e+00  1.000e+00 -7.025e+00 -7.399e+00
 3.350e+00 -8.000e+00 -1.595e+01 -4.746e+00 
 3.350e+00 -7.800e+00 -1.575e+01 -4.801e+00 
 3.350e+00 -7.600e+00 -1.555e+01 -4.859e+00 
 3.350e+00 -7.400e+00 -1.535e+01 -4.921e+00 
 3.350e+00 -7.200e+00 -1.515e+01 -4.985e+00 
 3.350e+00 -7.000e+00 -1.495e+01 -5.050e+00 
 3.350e+00 -6.800e+00 -1.475e+01 -5.116e+00 
 3.350e+00 -6.600e+00 -1.455e+01 -5.179e+00 
 3.350e+00 -6.400e+00 -1.435e+01 -5.241e+00 
 3.350e+00 -6.200e+00 -1.415e+01 -5.298e+00 
 3.350e+00 -6.000e+00 -1.395e+01 -5.349e+00 
 3.350e+00 -5.800e+00 -1.375e+01 -5.395e+00 
 3.350e+00 -5.600e+00 -1.355e+01 -5.434e+00 
 3.350e+00 -5.400e+00 -1.335e+01 -5.466e+00 
 3.350e+00 -5.200e+00 -1.315e+01 -5.494e+00 
 3.350e+00 -5.000e+00 -1.295e+01 -5.519e+00 
 3.350e+00 -4.800e+00 -1.275e+01 -5.542e+00 
 3.350e+00 -4.600e+00 -1.255e+01 -5.567e+00 
 3.350e+00 -4.400e+00 -1.235e+01 -5.594e+00 
 3.350e+00 -4.200e+00 -1.215e+01 -5.625e+00 
 3.350e+00 -4.000e+00 -1.195e+01 -5.659e+00 
 3.350e+00 -3.800e+00 -1.175e+01 -5.697e+00 
 3.350e+00 -3.600e+00 -1.155e+01 -5.737e+00 
 3.350e+00 -3.400e+00 -1.135e+01 -5.779e+00 
 3.350e+00 -3.200e+00 -1.115e+01 -5.822e+00 
 3.350e+00 -3.000e+00 -1.095e+01 -5.867e+00 
 3.350e+00 -2.800e+00 -1.075e+01 -5.911e+00 
 3.350e+00 -2.600e+00 -1.055e+01 -5.955e+00 
 3.350e+00 -2.400e+00 -1.035e+01 -5.998e+00 
 3.350e+00 -2.200e+00 -1.015e+01 -6.039e+00 
 3.350e+00 -2.000e+00 -9.950e+00 -6.080e+00 
 3.350e+00 -1.800e+00 -9.750e+00 -6.122e+00 
 3.350e+00 -1.600e+00 -9.550e+00 -6.167e+00 
 3.350e+00 -1.400e+00 -9.350e+00 -6.215e+00 
 3.350e+00 -1.200e+00 -9.150e+00 -6.268e+00 
 3.350e+00 -1.000e+00 -8.950e+00 -6.325e+00 
 3.350e+00 -8.000e-01 -8.750e+00 -6.387e+00 
 3.350e+00 -6.000e-01 -8.550e+00 -6.453e+00 
 3.350e+00 -4.000e-01 -8.350e+00 -6.521e+00 
 3.350e+00 -2.000e-01 -8.150e+00 -6.591e+00 
 3.350e+00  4.829e-15 -7.950e+00 -6.663e+00 
 3.350e+00  2.000e-01 -7.750e+00 -6.734e+00 
 3.350e+00  4.000e-01 -7.550e+00 -6.804e+00 
 3.350e+00  6.000e-01 -7.350e+00 -6.873e+00 
 3.350e+00  8.000e-01 -7.150e+00 -6.940e+00 
 3.350e+00  1.000e+00 -6.950e+00 -7.003e+00
 3.375e+00 -8.000e+00 -1.588e+01 -4.544e+00 
 3.375e+00 -7.800e+00 -1.568e+01 -4.580e+00 
 3.375e+00 -7.600e+00 -1.547e+01 -4.620e+00 
 3.375e+00 -7.400e+00 -1.527e+01 -4.665e+00 
 3.375e+00 -7.200e+00 -1.507e+01 -4.713e+00 
 3.375e+00 -7.000e+00 -1.488e+01 -4.766e+00 
 3.375e+00 -6.800e+00 -1.467e+01 -4.823e+00 
 3.375e+00 -6.600e+00 -1.447e+01 -4.883e+00 
 3.375e+00 -6.400e+00 -1.427e+01 -4.946e+00 
 3.375e+00 -6.200e+00 -1.407e+01 -5.011e+00 
 3.375e+00 -6.000e+00 -1.387e+01 -5.077e+00 
 3.375e+00 -5.800e+00 -1.367e+01 -5.142e+00 
 3.375e+00 -5.600e+00 -1.347e+01 -5.206e+00 
 3.375e+00 -5.400e+00 -1.327e+01 -5.266e+00 
 3.375e+00 -5.200e+00 -1.307e+01 -5.322e+00 
 3.375e+00 -5.000e+00 -1.287e+01 -5.372e+00 
 3.375e+00 -4.800e+00 -1.267e+01 -5.417e+00 
 3.375e+00 -4.600e+00 -1.247e+01 -5.455e+00 
 3.375e+00 -4.400e+00 -1.227e+01 -5.488e+00 
 3.375e+00 -4.200e+00 -1.207e+01 -5.517e+00 
 3.375e+00 -4.000e+00 -1.187e+01 -5.545e+00 
 3.375e+00 -3.800e+00 -1.167e+01 -5.574e+00 
 3.375e+00 -3.600e+00 -1.147e+01 -5.604e+00 
 3.375e+00 -3.400e+00 -1.127e+01 -5.637e+00 
 3.375e+00 -3.200e+00 -1.107e+01 -5.673e+00 
 3.375e+00 -3.000e+00 -1.087e+01 -5.711e+00 
 3.375e+00 -2.800e+00 -1.067e+01 -5.752e+00 
 3.375e+00 -2.600e+00 -1.047e+01 -5.794e+00 
 3.375e+00 -2.400e+00 -1.027e+01 -5.836e+00 
 3.375e+00 -2.200e+00 -1.007e+01 -5.879e+00 
 3.375e+00 -2.000e+00 -9.875e+00 -5.922e+00 
 3.375e+00 -1.800e+00 -9.675e+00 -5.964e+00 
 3.375e+00 -1.600e+00 -9.475e+00 -6.004e+00 
 3.375e+00 -1.400e+00 -9.275e+00 -6.043e+00 
 3.375e+00 -1.200e+00 -9.075e+00 -6.082e+00 
 3.375e+00 -1.000e+00 -8.875e+00 -6.122e+00 
 3.375e+00 -8.000e-01 -8.675e+00 -6.164e+00 
 3.375e+00 -6.000e-01 -8.475e+00 -6.209e+00 
 3.375e+00 -4.000e-01 -8.275e+00 -6.256e+00 
 3.375e+00 -2.000e-01 -8.075e+00 -6.306e+00 
 3.375e+00  4.829e-15 -7.875e+00 -6.357e+00 
 3.375e+00  2.000e-01 -7.675e+00 -6.409e+00 
 3.375e+00  4.000e-01 -7.475e+00 -6.460e+00 
 3.375e+00  6.000e-01 -7.275e+00 -6.510e+00 
 3.375e+00  8.000e-01 -7.075e+00 -6.558e+00 
 3.375e+00  1.000e+00 -6.875e+00 -6.603e+00
 3.400e+00 -8.000e+00 -1.580e+01 -4.425e+00 
 3.400e+00 -7.800e+00 -1.560e+01 -4.446e+00 
 3.400e+00 -7.600e+00 -1.540e+01 -4.470e+00 
 3.400e+00 -7.400e+00 -1.520e+01 -4.498e+00 
 3.400e+00 -7.200e+00 -1.500e+01 -4.530e+00 
 3.400e+00 -7.000e+00 -1.480e+01 -4.565e+00 
 3.400e+00 -6.800e+00 -1.460e+01 -4.604e+00 
 3.400e+00 -6.600e+00 -1.440e+01 -4.647e+00 
 3.400e+00 -6.400e+00 -1.420e+01 -4.694e+00 
 3.400e+00 -6.200e+00 -1.400e+01 -4.745e+00 
 3.400e+00 -6.000e+00 -1.380e+01 -4.801e+00 
 3.400e+00 -5.800e+00 -1.360e+01 -4.861e+00 
 3.400e+00 -5.600e+00 -1.340e+01 -4.923e+00 
 3.400e+00 -5.400e+00 -1.320e+01 -4.988e+00 
 3.400e+00 -5.200e+00 -1.300e+01 -5.054e+00 
 3.400e+00 -5.000e+00 -1.280e+01 -5.120e+00 
 3.400e+00 -4.800e+00 -1.260e+01 -5.184e+00 
 3.400e+00 -4.600e+00 -1.240e+01 -5.246e+00 
 3.400e+00 -4.400e+00 -1.220e+01 -5.304e+00 
 3.400e+00 -4.200e+00 -1.200e+01 -5.357e+00 
 3.400e+00 -4.000e+00 -1.180e+01 -5.405e+00 
 3.400e+00 -3.800e+00 -1.160e+01 -5.447e+00 
 3.400e+00 -3.600e+00 -1.140e+01 -5.484e+00 
 3.400e+00 -3.400e+00 -1.120e+01 -5.517e+00 
 3.400e+00 -3.200e+00 -1.100e+01 -5.549e+00 
 3.400e+00 -3.000e+00 -1.080e+01 -5.581e+00 
 3.400e+00 -2.800e+00 -1.060e+01 -5.614e+00 
 3.400e+00 -2.600e+00 -1.040e+01 -5.648e+00 
 3.400e+00 -2.400e+00 -1.020e+01 -5.685e+00 
 3.400e+00 -2.200e+00 -1.000e+01 -5.722e+00 
 3.400e+00 -2.000e+00 -9.800e+00 -5.761e+00 
 3.400e+00 -1.800e+00 -9.600e+00 -5.799e+00 
 3.400e+00 -1.600e+00 -9.400e+00 -5.837e+00 
 3.400e+00 -1.400e+00 -9.200e+00 -5.875e+00 
 3.400e+00 -1.200e+00 -9.000e+00 -5.910e+00 
 3.400e+00 -1.000e+00 -8.800e+00 -5.943e+00 
 3.400e+00 -8.000e-01 -8.600e+00 -5.975e+00 
 3.400e+00 -6.000e-01 -8.400e+00 -6.004e+00 
 3.400e+00 -4.000e-01 -8.200e+00 -6.031e+00 
 3.400e+00 -2.000e-01 -8.000e+00 -6.058e+00 
 3.400e+00 -5.551e-17 -7.800e+00 -6.084e+00 
 3.400e+00  2.000e-01 -7.600e+00 -6.110e+00 
 3.400e+00  4.000e-01 -7.400e+00 -6.136e+00 
 3.400e+00  6.000e-01 -7.200e+00 -6.160e+00 
 3.400e+00  8.000e-01 -7.000e+00 -6.184e+00 
 3.400e+00  1.000e+00 -6.800e+00 -6.205e+00 
 3.425e+00 -8.000e+00 -1.573e+01 -4.380e+00 
 3.425e+00 -7.800e+00 -1.553e+01 -4.387e+00 
 3.425e+00 -7.600e+00 -1.533e+01 -4.396e+00 
 3.425e+00 -7.400e+00 -1.512e+01 -4.407e+00 
 3.425e+00 -7.200e+00 -1.493e+01 -4.423e+00 
 3.425e+00 -7.000e+00 -1.473e+01 -4.442e+00 
 3.425e+00 -6.800e+00 -1.453e+01 -4.465e+00 
 3.425e+00 -6.600e+00 -1.432e+01 -4.492e+00 
 3.425e+00 -6.400e+00 -1.412e+01 -4.523e+00 
 3.425e+00 -6.200e+00 -1.393e+01 -4.557e+00 
 3.425e+00 -6.000e+00 -1.372e+01 -4.596e+00 
 3.425e+00 -5.800e+00 -1.352e+01 -4.638e+00 
 3.425e+00 -5.600e+00 -1.332e+01 -4.685e+00 
 3.425e+00 -5.400e+00 -1.312e+01 -4.736e+00 
 3.425e+00 -5.200e+00 -1.292e+01 -4.792e+00 
 3.425e+00 -5.000e+00 -1.272e+01 -4.851e+00 
 3.425e+00 -4.800e+00 -1.252e+01 -4.913e+00 
 3.425e+00 -4.600e+00 -1.232e+01 -4.978e+00 
 3.425e+00 -4.400e+00 -1.212e+01 -5.043e+00 
 3.425e+00 -4.200e+00 -1.192e+01 -5.109e+00 
 3.425e+00 -4.000e+00 -1.172e+01 -5.174e+00 
 3.425e+00 -3.800e+00 -1.152e+01 -5.236e+00 
 3.425e+00 -3.600e+00 -1.132e+01 -5.294e+00 
 3.425e+00 -3.400e+00 -1.112e+01 -5.348e+00 
 3.425e+00 -3.200e+00 -1.092e+01 -5.397e+00 
 3.425e+00 -3.000e+00 -1.072e+01 -5.440e+00 
 3.425e+00 -2.800e+00 -1.052e+01 -5.479e+00 
 3.425e+00 -2.600e+00 -1.032e+01 -5.514e+00 
 3.425e+00 -2.400e+00 -1.012e+01 -5.548e+00 
 3.425e+00 -2.200e+00 -9.925e+00 -5.580e+00 
 3.425e+00 -2.000e+00 -9.725e+00 -5.613e+00 
 3.425e+00 -1.800e+00 -9.525e+00 -5.645e+00 
 3.425e+00 -1.600e+00 -9.325e+00 -5.676e+00 
 3.425e+00 -1.400e+00 -9.125e+00 -5.706e+00 
 3.425e+00 -1.200e+00 -8.925e+00 -5.735e+00 
 3.425e+00 -1.000e+00 -8.725e+00 -5.762e+00 
 3.425e+00 -8.000e-01 -8.525e+00 -5.786e+00 
 3.425e+00 -6.000e-01 -8.325e+00 -5.807e+00 
 3.425e+00 -4.000e-01 -8.125e+00 -5.823e+00 
 3.425e+00 -2.000e-01 -7.925e+00 -5.834e+00 
 3.425e+00 -5.551e-17 -7.725e+00 -5.840e+00 
 3.425e+00  2.000e-01 -7.525e+00 -5.842e+00 
 3.425e+00  4.000e-01 -7.325e+00 -5.840e+00 
 3.425e+00  6.000e-01 -7.125e+00 -5.836e+00 
 3.425e+00  8.000e-01 -6.925e+00 -5.831e+00 
 3.425e+00  1.000e+00 -6.725e+00 -5.826e+00 
 3.450e+00 -8.000e+00 -1.565e+01 -4.337e+00 
 3.450e+00 -7.800e+00 -1.545e+01 -4.352e+00 
 3.450e+00 -7.600e+00 -1.525e+01 -4.363e+00 
 3.450e+00 -7.400e+00 -1.505e+01 -4.372e+00 
 3.450e+00 -7.200e+00 -1.485e+01 -4.379e+00 
 3.450e+00 -7.000e+00 -1.465e+01 -4.387e+00 
 3.450e+00 -6.800e+00 -1.445e+01 -4.396e+00 
 3.450e+00 -6.600e+00 -1.425e+01 -4.408e+00 
 3.450e+00 -6.400e+00 -1.405e+01 -4.423e+00 
 3.450e+00 -6.200e+00 -1.385e+01 -4.442e+00 
 3.450e+00 -6.000e+00 -1.365e+01 -4.465e+00 
 3.450e+00 -5.800e+00 -1.345e+01 -4.492e+00 
 3.450e+00 -5.600e+00 -1.325e+01 -4.522e+00 
 3.450e+00 -5.400e+00 -1.305e+01 -4.557e+00 
 3.450e+00 -5.200e+00 -1.285e+01 -4.595e+00 
 3.450e+00 -5.000e+00 -1.265e+01 -4.638e+00 
 3.450e+00 -4.800e+00 -1.245e+01 -4.685e+00 
 3.450e+00 -4.600e+00 -1.225e+01 -4.736e+00 
 3.450e+00 -4.400e+00 -1.205e+01 -4.792e+00 
 3.450e+00 -4.200e+00 -1.185e+01 -4.851e+00 
 3.450e+00 -4.000e+00 -1.165e+01 -4.913e+00 
 3.450e+00 -3.800e+00 -1.145e+01 -4.977e+00 
 3.450e+00 -3.600e+00 -1.125e+01 -5.042e+00 
 3.450e+00 -3.400e+00 -1.105e+01 -5.107e+00 
 3.450e+00 -3.200e+00 -1.085e+01 -5.170e+00 
 3.450e+00 -3.000e+00 -1.065e+01 -5.230e+00 
 3.450e+00 -2.800e+00 -1.045e+01 -5.287e+00 
 3.450e+00 -2.600e+00 -1.025e+01 -5.339e+00 
 3.450e+00 -2.400e+00 -1.005e+01 -5.385e+00 
 3.450e+00 -2.200e+00 -9.850e+00 -5.426e+00 
 3.450e+00 -2.000e+00 -9.650e+00 -5.462e+00 
 3.450e+00 -1.800e+00 -9.450e+00 -5.494e+00 
 3.450e+00 -1.600e+00 -9.250e+00 -5.522e+00 
 3.450e+00 -1.400e+00 -9.050e+00 -5.547e+00 
 3.450e+00 -1.200e+00 -8.850e+00 -5.568e+00 
 3.450e+00 -1.000e+00 -8.650e+00 -5.586e+00 
 3.450e+00 -8.000e-01 -8.450e+00 -5.600e+00 
 3.450e+00 -6.000e-01 -8.250e+00 -5.608e+00 
 3.450e+00 -4.000e-01 -8.050e+00 -5.612e+00 
 3.450e+00 -2.000e-01 -7.850e+00 -5.610e+00 
 3.450e+00 -5.551e-17 -7.650e+00 -5.601e+00 
 3.450e+00  2.000e-01 -7.450e+00 -5.585e+00 
 3.450e+00  4.000e-01 -7.250e+00 -5.563e+00 
 3.450e+00  6.000e-01 -7.050e+00 -5.536e+00 
 3.450e+00  8.000e-01 -6.850e+00 -5.507e+00 
 3.450e+00  1.000e+00 -6.650e+00 -5.476e+00 
 3.475e+00 -8.000e+00 -1.557e+01 -4.134e+00 
 3.475e+00 -7.800e+00 -1.538e+01 -4.191e+00 
 3.475e+00 -7.600e+00 -1.517e+01 -4.239e+00 
 3.475e+00 -7.400e+00 -1.497e+01 -4.278e+00 
 3.475e+00 -7.200e+00 -1.477e+01 -4.309e+00 
 3.475e+00 -7.000e+00 -1.457e+01 -4.333e+00 
 3.475e+00 -6.800e+00 -1.437e+01 -4.351e+00 
 3.475e+00 -6.600e+00 -1.417e+01 -4.364e+00 
 3.475e+00 -6.400e+00 -1.397e+01 -4.375e+00 
 3.475e+00 -6.200e+00 -1.377e+01 -4.385e+00 
 3.475e+00 -6.000e+00 -1.357e+01 -4.396e+00 
 3.475e+00 -5.800e+00 -1.337e+01 -4.409e+00 
 3.475e+00 -5.600e+00 -1.317e+01 -4.425e+00 
 3.475e+00 -5.400e+00 -1.297e+01 -4.444e+00 
 3.475e+00 -5.200e+00 -1.277e+01 -4.468e+00 
 3.475e+00 -5.000e+00 -1.257e+01 -4.495e+00 
 3.475e+00 -4.800e+00 -1.237e+01 -4.526e+00 
 3.475e+00 -4.600e+00 -1.217e+01 -4.561e+00 
 3.475e+00 -4.400e+00 -1.197e+01 -4.599e+00 
 3.475e+00 -4.200e+00 -1.177e+01 -4.642e+00 
 3.475e+00 -4.000e+00 -1.157e+01 -4.690e+00 
 3.475e+00 -3.800e+00 -1.137e+01 -4.741e+00 
 3.475e+00 -3.600e+00 -1.117e+01 -4.796e+00 
 3.475e+00 -3.400e+00 -1.097e+01 -4.855e+00 
 3.475e+00 -3.200e+00 -1.077e+01 -4.916e+00 
 3.475e+00 -3.000e+00 -1.057e+01 -4.978e+00 
 3.475e+00 -2.800e+00 -1.037e+01 -5.040e+00 
 3.475e+00 -2.600e+00 -1.017e+01 -5.101e+00 
 3.475e+00 -2.400e+00 -9.975e+00 -5.159e+00 
 3.475e+00 -2.200e+00 -9.775e+00 -5.213e+00 
 3.475e+00 -2.000e+00 -9.575e+00 -5.263e+00 
 3.475e+00 -1.800e+00 -9.375e+00 -5.306e+00 
 3.475e+00 -1.600e+00 -9.175e+00 -5.342e+00 
 3.475e+00 -1.400e+00 -8.975e+00 -5.371e+00 
 3.475e+00 -1.200e+00 -8.775e+00 -5.393e+00 
 3.475e+00 -1.000e+00 -8.575e+00 -5.407e+00 
 3.475e+00 -8.000e-01 -8.375e+00 -5.413e+00 
 3.475e+00 -6.000e-01 -8.175e+00 -5.412e+00 
 3.475e+00 -4.000e-01 -7.975e+00 -5.403e+00 
 3.475e+00 -2.000e-01 -7.775e+00 -5.385e+00 
 3.475e+00 -5.551e-17 -7.575e+00 -5.360e+00 
 3.475e+00  2.000e-01 -7.375e+00 -5.328e+00 
 3.475e+00  4.000e-01 -7.175e+00 -5.290e+00 
 3.475e+00  6.000e-01 -6.975e+00 -5.247e+00 
 3.475e+00  8.000e-01 -6.775e+00 -5.200e+00 
 3.475e+00  1.000e+00 -6.575e+00 -5.152e+00 
 3.500e+00 -8.000e+00 -1.550e+01 -3.751e+00 
 3.500e+00 -7.800e+00 -1.530e+01 -3.836e+00 
 3.500e+00 -7.600e+00 -1.510e+01 -3.917e+00 
 3.500e+00 -7.400e+00 -1.490e+01 -3.993e+00 
 3.500e+00 -7.200e+00 -1.470e+01 -4.064e+00 
 3.500e+00 -7.000e+00 -1.450e+01 -4.129e+00 
 3.500e+00 -6.800e+00 -1.430e+01 -4.186e+00 
 3.500e+00 -6.600e+00 -1.410e+01 -4.236e+00 
 3.500e+00 -6.400e+00 -1.390e+01 -4.276e+00 
 3.500e+00 -6.200e+00 -1.370e+01 -4.308e+00 
 3.500e+00 -6.000e+00 -1.350e+01 -4.333e+00 
 3.500e+00 -5.800e+00 -1.330e+01 -4.352e+00 
 3.500e+00 -5.600e+00 -1.310e+01 -4.367e+00 
 3.500e+00 -5.400e+00 -1.290e+01 -4.381e+00 
 3.500e+00 -5.200e+00 -1.270e+01 -4.394e+00 
 3.500e+00 -5.000e+00 -1.250e+01 -4.409e+00 
 3.500e+00 -4.800e+00 -1.230e+01 -4.426e+00 
 3.500e+00 -4.600e+00 -1.210e+01 -4.446e+00 
 3.500e+00 -4.400e+00 -1.190e+01 -4.470e+00 
 3.500e+00 -4.200e+00 -1.170e+01 -4.498e+00 
 3.500e+00 -4.000e+00 -1.150e+01 -4.529e+00 
 3.500e+00 -3.800e+00 -1.130e+01 -4.563e+00 
 3.500e+00 -3.600e+00 -1.110e+01 -4.602e+00 
 3.500e+00 -3.400e+00 -1.090e+01 -4.644e+00 
 3.500e+00 -3.200e+00 -1.070e+01 -4.690e+00 
 3.500e+00 -3.000e+00 -1.050e+01 -4.740e+00 
 3.500e+00 -2.800e+00 -1.030e+01 -4.793e+00 
 3.500e+00 -2.600e+00 -1.010e+01 -4.847e+00 
 3.500e+00 -2.400e+00 -9.900e+00 -4.903e+00 
 3.500e+00 -2.200e+00 -9.700e+00 -4.958e+00 
 3.500e+00 -2.000e+00 -9.500e+00 -5.011e+00 
 3.500e+00 -1.800e+00 -9.300e+00 -5.061e+00 
 3.500e+00 -1.600e+00 -9.100e+00 -5.105e+00 
 3.500e+00 -1.400e+00 -8.900e+00 -5.143e+00 
 3.500e+00 -1.200e+00 -8.700e+00 -5.172e+00 
 3.500e+00 -1.000e+00 -8.500e+00 -5.192e+00 
 3.500e+00 -8.000e-01 -8.300e+00 -5.200e+00 
 3.500e+00 -6.000e-01 -8.100e+00 -5.197e+00 
 3.500e+00 -4.000e-01 -7.900e+00 -5.182e+00 
 3.500e+00 -2.000e-01 -7.700e+00 -5.156e+00 
 3.500e+00 -5.551e-17 -7.500e+00 -5.120e+00 
 3.500e+00  2.000e-01 -7.300e+00 -5.075e+00 
 3.500e+00  4.000e-01 -7.100e+00 -5.022e+00 
 3.500e+00  6.000e-01 -6.900e+00 -4.965e+00 
 3.500e+00  8.000e-01 -6.700e+00 -4.904e+00 
 3.500e+00  1.000e+00 -6.500e+00 -4.843e+00 
 3.525e+00 -8.000e+00 -1.543e+01 -3.314e+00 
 3.525e+00 -7.800e+00 -1.523e+01 -3.407e+00 
 3.525e+00 -7.600e+00 -1.503e+01 -3.500e+00 
 3.525e+00 -7.400e+00 -1.482e+01 -3.591e+00 
 3.525e+00 -7.200e+00 -1.462e+01 -3.680e+00 
 3.525e+00 -7.000e+00 -1.443e+01 -3.767e+00 
 3.525e+00 -6.800e+00 -1.422e+01 -3.851e+00 
 3.525e+00 -6.600e+00 -1.402e+01 -3.931e+00 
 3.525e+00 -6.400e+00 -1.382e+01 -4.007e+00 
 3.525e+00 -6.200e+00 -1.362e+01 -4.077e+00 
 3.525e+00 -6.000e+00 -1.342e+01 -4.140e+00 
 3.525e+00 -5.800e+00 -1.322e+01 -4.195e+00 
 3.525e+00 -5.600e+00 -1.302e+01 -4.242e+00 
 3.525e+00 -5.400e+00 -1.282e+01 -4.281e+00 
 3.525e+00 -5.200e+00 -1.262e+01 -4.312e+00 
 3.525e+00 -5.000e+00 -1.242e+01 -4.337e+00 
 3.525e+00 -4.800e+00 -1.222e+01 -4.356e+00 
 3.525e+00 -4.600e+00 -1.202e+01 -4.372e+00 
 3.525e+00 -4.400e+00 -1.182e+01 -4.388e+00 
 3.525e+00 -4.200e+00 -1.162e+01 -4.404e+00 
 3.525e+00 -4.000e+00 -1.142e+01 -4.422e+00 
 3.525e+00 -3.800e+00 -1.122e+01 -4.442e+00 
 3.525e+00 -3.600e+00 -1.102e+01 -4.466e+00 
 3.525e+00 -3.400e+00 -1.082e+01 -4.492e+00 
 3.525e+00 -3.200e+00 -1.062e+01 -4.520e+00 
 3.525e+00 -3.000e+00 -1.042e+01 -4.552e+00 
 3.525e+00 -2.800e+00 -1.022e+01 -4.587e+00 
 3.525e+00 -2.600e+00 -1.002e+01 -4.624e+00 
 3.525e+00 -2.400e+00 -9.825e+00 -4.664e+00 
 3.525e+00 -2.200e+00 -9.625e+00 -4.706e+00 
 3.525e+00 -2.000e+00 -9.425e+00 -4.749e+00 
 3.525e+00 -1.800e+00 -9.225e+00 -4.791e+00 
 3.525e+00 -1.600e+00 -9.025e+00 -4.831e+00 
 3.525e+00 -1.400e+00 -8.825e+00 -4.867e+00 
 3.525e+00 -1.200e+00 -8.625e+00 -4.897e+00 
 3.525e+00 -1.000e+00 -8.425e+00 -4.919e+00 
 3.525e+00 -8.000e-01 -8.225e+00 -4.931e+00 
 3.525e+00 -6.000e-01 -8.025e+00 -4.931e+00 
 3.525e+00 -4.000e-01 -7.825e+00 -4.919e+00 
 3.525e+00 -2.000e-01 -7.625e+00 -4.894e+00 
 3.525e+00 -5.551e-17 -7.425e+00 -4.856e+00 
 3.525e+00  2.000e-01 -7.225e+00 -4.808e+00 
 3.525e+00  4.000e-01 -7.025e+00 -4.751e+00 
 3.525e+00  6.000e-01 -6.825e+00 -4.687e+00 
 3.525e+00  8.000e-01 -6.625e+00 -4.618e+00 
 3.525e+00  1.000e+00 -6.425e+00 -4.548e+00 
 3.550e+00 -8.000e+00 -1.535e+01 -2.885e+00 
 3.550e+00 -7.800e+00 -1.515e+01 -2.980e+00 
 3.550e+00 -7.600e+00 -1.495e+01 -3.074e+00 
 3.550e+00 -7.400e+00 -1.475e+01 -3.169e+00 
 3.550e+00 -7.200e+00 -1.455e+01 -3.263e+00 
 3.550e+00 -7.000e+00 -1.435e+01 -3.357e+00 
 3.550e+00 -6.800e+00 -1.415e+01 -3.450e+00 
 3.550e+00 -6.600e+00 -1.395e+01 -3.542e+00 
 3.550e+00 -6.400e+00 -1.375e+01 -3.632e+00 
 3.550e+00 -6.200e+00 -1.355e+01 -3.720e+00 
 3.550e+00 -6.000e+00 -1.335e+01 -3.805e+00 
 3.550e+00 -5.800e+00 -1.315e+01 -3.886e+00 
 3.550e+00 -5.600e+00 -1.295e+01 -3.964e+00 
 3.550e+00 -5.400e+00 -1.275e+01 -4.036e+00 
 3.550e+00 -5.200e+00 -1.255e+01 -4.102e+00 
 3.550e+00 -5.000e+00 -1.235e+01 -4.161e+00 
 3.550e+00 -4.800e+00 -1.215e+01 -4.212e+00 
 3.550e+00 -4.600e+00 -1.195e+01 -4.255e+00 
 3.550e+00 -4.400e+00 -1.175e+01 -4.289e+00 
 3.550e+00 -4.200e+00 -1.155e+01 -4.316e+00 
 3.550e+00 -4.000e+00 -1.135e+01 -4.337e+00 
 3.550e+00 -3.800e+00 -1.115e+01 -4.355e+00 
 3.550e+00 -3.600e+00 -1.095e+01 -4.370e+00 
 3.550e+00 -3.400e+00 -1.075e+01 -4.385e+00 
 3.550e+00 -3.200e+00 -1.055e+01 -4.400e+00 
 3.550e+00 -3.000e+00 -1.035e+01 -4.416e+00 
 3.550e+00 -2.800e+00 -1.015e+01 -4.434e+00 
 3.550e+00 -2.600e+00 -9.950e+00 -4.452e+00 
 3.550e+00 -2.400e+00 -9.750e+00 -4.472e+00 
 3.550e+00 -2.200e+00 -9.550e+00 -4.493e+00 
 3.550e+00 -2.000e+00 -9.350e+00 -4.515e+00 
 3.550e+00 -1.800e+00 -9.150e+00 -4.538e+00 
 3.550e+00 -1.600e+00 -8.950e+00 -4.560e+00 
 3.550e+00 -1.400e+00 -8.750e+00 -4.580e+00 
 3.550e+00 -1.200e+00 -8.550e+00 -4.596e+00 
 3.550e+00 -1.000e+00 -8.350e+00 -4.608e+00 
 3.550e+00 -8.000e-01 -8.150e+00 -4.613e+00 
 3.550e+00 -6.000e-01 -7.950e+00 -4.610e+00 
 3.550e+00 -4.000e-01 -7.750e+00 -4.598e+00 
 3.550e+00 -2.000e-01 -7.550e+00 -4.576e+00 
 3.550e+00 -5.551e-17 -7.350e+00 -4.543e+00 
 3.550e+00  2.000e-01 -7.150e+00 -4.501e+00 
 3.550e+00  4.000e-01 -6.950e+00 -4.449e+00 
 3.550e+00  6.000e-01 -6.750e+00 -4.390e+00 
 3.550e+00  8.000e-01 -6.550e+00 -4.324e+00 
 3.550e+00  1.000e+00 -6.350e+00 -4.254e+00 
 3.575e+00 -8.000e+00 -1.527e+01 -2.492e+00 
 3.575e+00 -7.800e+00 -1.507e+01 -2.582e+00 
 3.575e+00 -7.600e+00 -1.487e+01 -2.673e+00 
 3.575e+00 -7.400e+00 -1.467e+01 -2.766e+00 
 3.575e+00 -7.200e+00 -1.447e+01 -2.859e+00 
 3.575e+00 -7.000e+00 -1.427e+01 -2.953e+00 
 3.575e+00 -6.800e+00 -1.407e+01 -3.048e+00 
 3.575e+00 -6.600e+00 -1.387e+01 -3.142e+00 
 3.575e+00 -6.400e+00 -1.367e+01 -3.236e+00 
 3.575e+00 -6.200e+00 -1.347e+01 -3.330e+00 
 3.575e+00 -6.000e+00 -1.327e+01 -3.422e+00 
 3.575e+00 -5.800e+00 -1.307e+01 -3.514e+00 
 3.575e+00 -5.600e+00 -1.287e+01 -3.603e+00 
 3.575e+00 -5.400e+00 -1.267e+01 -3.691e+00 
 3.575e+00 -5.200e+00 -1.247e+01 -3.776e+00 
 3.575e+00 -5.000e+00 -1.227e+01 -3.857e+00 
 3.575e+00 -4.800e+00 -1.207e+01 -3.934e+00 
 3.575e+00 -4.600e+00 -1.187e+01 -4.006e+00 
 3.575e+00 -4.400e+00 -1.167e+01 -4.072e+00 
 3.575e+00 -4.200e+00 -1.147e+01 -4.131e+00 
 3.575e+00 -4.000e+00 -1.127e+01 -4.181e+00 
 3.575e+00 -3.800e+00 -1.107e+01 -4.223e+00 
 3.575e+00 -3.600e+00 -1.087e+01 -4.255e+00 
 3.575e+00 -3.400e+00 -1.067e+01 -4.280e+00 
 3.575e+00 -3.200e+00 -1.047e+01 -4.297e+00 
 3.575e+00 -3.000e+00 -1.027e+01 -4.310e+00 
 3.575e+00 -2.800e+00 -1.007e+01 -4.318e+00 
 3.575e+00 -2.600e+00 -9.875e+00 -4.323e+00 
 3.575e+00 -2.400e+00 -9.675e+00 -4.327e+00 
 3.575e+00 -2.200e+00 -9.475e+00 -4.328e+00 
 3.575e+00 -2.000e+00 -9.275e+00 -4.328e+00 
 3.575e+00 -1.800e+00 -9.075e+00 -4.326e+00 
 3.575e+00 -1.600e+00 -8.875e+00 -4.322e+00 
 3.575e+00 -1.400e+00 -8.675e+00 -4.316e+00 
 3.575e+00 -1.200e+00 -8.475e+00 -4.309e+00 
 3.575e+00 -1.000e+00 -8.275e+00 -4.298e+00 
 3.575e+00 -8.000e-01 -8.075e+00 -4.284e+00 
 3.575e+00 -6.000e-01 -7.875e+00 -4.267e+00 
 3.575e+00 -4.000e-01 -7.675e+00 -4.245e+00 
 3.575e+00 -2.000e-01 -7.475e+00 -4.218e+00 
 3.575e+00 -5.551e-17 -7.275e+00 -4.186e+00 
 3.575e+00  2.000e-01 -7.075e+00 -4.148e+00 
 3.575e+00  4.000e-01 -6.875e+00 -4.104e+00 
 3.575e+00  6.000e-01 -6.675e+00 -4.054e+00 
 3.575e+00  8.000e-01 -6.475e+00 -3.998e+00 
 3.575e+00  1.000e+00 -6.275e+00 -3.938e+00 
 3.600e+00 -8.000e+00 -1.520e+01 -2.161e+00 
 3.600e+00 -7.800e+00 -1.500e+01 -2.237e+00 
 3.600e+00 -7.600e+00 -1.480e+01 -2.318e+00 
 3.600e+00 -7.400e+00 -1.460e+01 -2.402e+00 
 3.600e+00 -7.200e+00 -1.440e+01 -2.489e+00 
 3.600e+00 -7.000e+00 -1.420e+01 -2.579e+00 
 3.600e+00 -6.800e+00 -1.400e+01 -2.669e+00 
 3.600e+00 -6.600e+00 -1.380e+01 -2.762e+00 
 3.600e+00 -6.400e+00 -1.360e+01 -2.855e+00 
 3.600e+00 -6.200e+00 -1.340e+01 -2.948e+00 
 3.600e+00 -6.000e+00 -1.320e+01 -3.042e+00 
 3.600e+00 -5.800e+00 -1.300e+01 -3.135e+00 
 3.600e+00 -5.600e+00 -1.280e+01 -3.228e+00 
 3.600e+00 -5.400e+00 -1.260e+01 -3.320e+00 
 3.600e+00 -5.200e+00 -1.240e+01 -3.411e+00 
 3.600e+00 -5.000e+00 -1.220e+01 -3.501e+00 
 3.600e+00 -4.800e+00 -1.200e+01 -3.589e+00 
 3.600e+00 -4.600e+00 -1.180e+01 -3.674e+00 
 3.600e+00 -4.400e+00 -1.160e+01 -3.756e+00 
 3.600e+00 -4.200e+00 -1.140e+01 -3.835e+00 
 3.600e+00 -4.000e+00 -1.120e+01 -3.908e+00 
 3.600e+00 -3.800e+00 -1.100e+01 -3.976e+00 
 3.600e+00 -3.600e+00 -1.080e+01 -4.036e+00 
 3.600e+00 -3.400e+00 -1.060e+01 -4.088e+00 
 3.600e+00 -3.200e+00 -1.040e+01 -4.131e+00 
 3.600e+00 -3.000e+00 -1.020e+01 -4.163e+00 
 3.600e+00 -2.800e+00 -1.000e+01 -4.184e+00 
 3.600e+00 -2.600e+00 -9.800e+00 -4.195e+00 
 3.600e+00 -2.400e+00 -9.600e+00 -4.197e+00 
 3.600e+00 -2.200e+00 -9.400e+00 -4.190e+00 
 3.600e+00 -2.000e+00 -9.200e+00 -4.176e+00 
 3.600e+00 -1.800e+00 -9.000e+00 -4.155e+00 
 3.600e+00 -1.600e+00 -8.800e+00 -4.128e+00 
 3.600e+00 -1.400e+00 -8.600e+00 -4.096e+00 
 3.600e+00 -1.200e+00 -8.400e+00 -4.060e+00 
 3.600e+00 -1.000e+00 -8.200e+00 -4.021e+00 
 3.600e+00 -8.000e-01 -8.000e+00 -3.980e+00 
 3.600e+00 -6.000e-01 -7.800e+00 -3.939e+00 
 3.600e+00 -4.000e-01 -7.600e+00 -3.898e+00 
 3.600e+00 -2.000e-01 -7.400e+00 -3.858e+00 
 3.600e+00 -5.551e-17 -7.200e+00 -3.817e+00 
 3.600e+00  2.000e-01 -7.000e+00 -3.776e+00 
 3.600e+00  4.000e-01 -6.800e+00 -3.733e+00 
 3.600e+00  6.000e-01 -6.600e+00 -3.689e+00 
 3.600e+00  8.000e-01 -6.400e+00 -3.641e+00 
 3.600e+00  1.000e+00 -6.200e+00 -3.591e+00 
 3.625e+00 -8.000e+00 -1.512e+01 -1.929e+00 
 3.625e+00 -7.800e+00 -1.493e+01 -1.980e+00 
 3.625e+00 -7.600e+00 -1.472e+01 -2.038e+00 
 3.625e+00 -7.400e+00 -1.452e+01 -2.103e+00 
 3.625e+00 -7.200e+00 -1.432e+01 -2.175e+00 
 3.625e+00 -7.000e+00 -1.412e+01 -2.252e+00 
 3.625e+00 -6.800e+00 -1.392e+01 -2.333e+00 
 3.625e+00 -6.600e+00 -1.372e+01 -2.417e+00 
 3.625e+00 -6.400e+00 -1.352e+01 -2.504e+00 
 3.625e+00 -6.200e+00 -1.332e+01 -2.593e+00 
 3.625e+00 -6.000e+00 -1.312e+01 -2.683e+00 
 3.625e+00 -5.800e+00 -1.292e+01 -2.774e+00 
 3.625e+00 -5.600e+00 -1.272e+01 -2.866e+00 
 3.625e+00 -5.400e+00 -1.252e+01 -2.958e+00 
 3.625e+00 -5.200e+00 -1.232e+01 -3.049e+00 
 3.625e+00 -5.000e+00 -1.212e+01 -3.140e+00 
 3.625e+00 -4.800e+00 -1.192e+01 -3.230e+00 
 3.625e+00 -4.600e+00 -1.172e+01 -3.319e+00 
 3.625e+00 -4.400e+00 -1.152e+01 -3.407e+00 
 3.625e+00 -4.200e+00 -1.132e+01 -3.492e+00 
 3.625e+00 -4.000e+00 -1.112e+01 -3.574e+00 
 3.625e+00 -3.800e+00 -1.092e+01 -3.653e+00 
 3.625e+00 -3.600e+00 -1.072e+01 -3.728e+00 
 3.625e+00 -3.400e+00 -1.052e+01 -3.797e+00 
 3.625e+00 -3.200e+00 -1.032e+01 -3.859e+00 
 3.625e+00 -3.000e+00 -1.012e+01 -3.913e+00 
 3.625e+00 -2.800e+00 -9.925e+00 -3.957e+00 
 3.625e+00 -2.600e+00 -9.725e+00 -3.990e+00 
 3.625e+00 -2.400e+00 -9.525e+00 -4.010e+00 
 3.625e+00 -2.200e+00 -9.325e+00 -4.017e+00 
 3.625e+00 -2.000e+00 -9.125e+00 -4.008e+00 
 3.625e+00 -1.800e+00 -8.925e+00 -3.986e+00 
 3.625e+00 -1.600e+00 -8.725e+00 -3.951e+00 
 3.625e+00 -1.400e+00 -8.525e+00 -3.904e+00 
 3.625e+00 -1.200e+00 -8.325e+00 -3.848e+00 
 3.625e+00 -1.000e+00 -8.125e+00 -3.785e+00 
 3.625e+00 -8.000e-01 -7.925e+00 -3.720e+00 
 3.625e+00 -6.000e-01 -7.725e+00 -3.654e+00 
 3.625e+00 -4.000e-01 -7.525e+00 -3.589e+00 
 3.625e+00 -2.000e-01 -7.325e+00 -3.528e+00 
 3.625e+00 -5.551e-17 -7.125e+00 -3.471e+00 
 3.625e+00  2.000e-01 -6.925e+00 -3.418e+00 
 3.625e+00  4.000e-01 -6.725e+00 -3.368e+00 
 3.625e+00  6.000e-01 -6.525e+00 -3.320e+00 
 3.625e+00  8.000e-01 -6.325e+00 -3.274e+00 
 3.625e+00  1.000e+00 -6.125e+00 -3.227e+00 
 3.650e+00 -8.000e+00 -1.505e+01 -1.816e+00 
 3.650e+00 -7.800e+00 -1.485e+01 -1.838e+00 
 3.650e+00 -7.600e+00 -1.465e+01 -1.866e+00 
 3.650e+00 -7.400e+00 -1.445e+01 -1.903e+00 
 3.650e+00 -7.200e+00 -1.425e+01 -1.948e+00 
 3.650e+00 -7.000e+00 -1.405e+01 -2.001e+00 
 3.650e+00 -6.800e+00 -1.385e+01 -2.062e+00 
 3.650e+00 -6.600e+00 -1.365e+01 -2.130e+00 
 3.650e+00 -6.400e+00 -1.345e+01 -2.203e+00 
 3.650e+00 -6.200e+00 -1.325e+01 -2.280e+00 
 3.650e+00 -6.000e+00 -1.305e+01 -2.361e+00 
 3.650e+00 -5.800e+00 -1.285e+01 -2.445e+00 
 3.650e+00 -5.600e+00 -1.265e+01 -2.530e+00 
 3.650e+00 -5.400e+00 -1.245e+01 -2.617e+00 
 3.650e+00 -5.200e+00 -1.225e+01 -2.705e+00 
 3.650e+00 -5.000e+00 -1.205e+01 -2.793e+00 
 3.650e+00 -4.800e+00 -1.185e+01 -2.881e+00 
 3.650e+00 -4.600e+00 -1.165e+01 -2.968e+00 
 3.650e+00 -4.400e+00 -1.145e+01 -3.055e+00 
 3.650e+00 -4.200e+00 -1.125e+01 -3.140e+00 
 3.650e+00 -4.000e+00 -1.105e+01 -3.223e+00 
 3.650e+00 -3.800e+00 -1.085e+01 -3.304e+00 
 3.650e+00 -3.600e+00 -1.065e+01 -3.381e+00 
 3.650e+00 -3.400e+00 -1.045e+01 -3.455e+00 
 3.650e+00 -3.200e+00 -1.025e+01 -3.523e+00 
 3.650e+00 -3.000e+00 -1.005e+01 -3.585e+00 
 3.650e+00 -2.800e+00 -9.850e+00 -3.640e+00 
 3.650e+00 -2.600e+00 -9.650e+00 -3.685e+00 
 3.650e+00 -2.400e+00 -9.450e+00 -3.720e+00 
 3.650e+00 -2.200e+00 -9.250e+00 -3.743e+00 
 3.650e+00 -2.000e+00 -9.050e+00 -3.751e+00 
 3.650e+00 -1.800e+00 -8.850e+00 -3.744e+00 
 3.650e+00 -1.600e+00 -8.650e+00 -3.721e+00 
 3.650e+00 -1.400e+00 -8.450e+00 -3.681e+00 
 3.650e+00 -1.200e+00 -8.250e+00 -3.626e+00 
 3.650e+00 -1.000e+00 -8.050e+00 -3.559e+00 
 3.650e+00 -8.000e-01 -7.850e+00 -3.483e+00 
 3.650e+00 -6.000e-01 -7.650e+00 -3.402e+00 
 3.650e+00 -4.000e-01 -7.450e+00 -3.320e+00 
 3.650e+00 -2.000e-01 -7.250e+00 -3.241e+00 
 3.650e+00 -5.551e-17 -7.050e+00 -3.165e+00 
 3.650e+00  2.000e-01 -6.850e+00 -3.095e+00 
 3.650e+00  4.000e-01 -6.650e+00 -3.031e+00 
 3.650e+00  6.000e-01 -6.450e+00 -2.973e+00 
 3.650e+00  8.000e-01 -6.250e+00 -2.920e+00 
 3.650e+00  1.000e+00 -6.050e+00 -2.870e+00 
 3.675e+00 -8.000e+00 -1.498e+01 -1.763e+00 
 3.675e+00 -7.800e+00 -1.478e+01 -1.776e+00 
 3.675e+00 -7.600e+00 -1.458e+01 -1.790e+00 
 3.675e+00 -7.400e+00 -1.438e+01 -1.806e+00 
 3.675e+00 -7.200e+00 -1.418e+01 -1.826e+00 
 3.675e+00 -7.000e+00 -1.398e+01 -1.851e+00 
 3.675e+00 -6.800e+00 -1.378e+01 -1.884e+00 
 3.675e+00 -6.600e+00 -1.357e+01 -1.925e+00 
 3.675e+00 -6.400e+00 -1.338e+01 -1.974e+00 
 3.675e+00 -6.200e+00 -1.318e+01 -2.031e+00 
 3.675e+00 -6.000e+00 -1.297e+01 -2.094e+00 
 3.675e+00 -5.800e+00 -1.277e+01 -2.162e+00 
 3.675e+00 -5.600e+00 -1.257e+01 -2.235e+00 
 3.675e+00 -5.400e+00 -1.238e+01 -2.311e+00 
 3.675e+00 -5.200e+00 -1.217e+01 -2.390e+00 
 3.675e+00 -5.000e+00 -1.197e+01 -2.470e+00 
 3.675e+00 -4.800e+00 -1.177e+01 -2.551e+00 
 3.675e+00 -4.600e+00 -1.157e+01 -2.633e+00 
 3.675e+00 -4.400e+00 -1.137e+01 -2.714e+00 
 3.675e+00 -4.200e+00 -1.117e+01 -2.794e+00 
 3.675e+00 -4.000e+00 -1.097e+01 -2.872e+00 
 3.675e+00 -3.800e+00 -1.077e+01 -2.948e+00 
 3.675e+00 -3.600e+00 -1.057e+01 -3.022e+00 
 3.675e+00 -3.400e+00 -1.037e+01 -3.091e+00 
 3.675e+00 -3.200e+00 -1.017e+01 -3.156e+00 
 3.675e+00 -3.000e+00 -9.975e+00 -3.215e+00 
 3.675e+00 -2.800e+00 -9.775e+00 -3.268e+00 
 3.675e+00 -2.600e+00 -9.575e+00 -3.314e+00 
 3.675e+00 -2.400e+00 -9.375e+00 -3.350e+00 
 3.675e+00 -2.200e+00 -9.175e+00 -3.377e+00 
 3.675e+00 -2.000e+00 -8.975e+00 -3.393e+00 
 3.675e+00 -1.800e+00 -8.775e+00 -3.397e+00 
 3.675e+00 -1.600e+00 -8.575e+00 -3.387e+00 
 3.675e+00 -1.400e+00 -8.375e+00 -3.363e+00 
 3.675e+00 -1.200e+00 -8.175e+00 -3.326e+00 
 3.675e+00 -1.000e+00 -7.975e+00 -3.274e+00 
 3.675e+00 -8.000e-01 -7.775e+00 -3.210e+00 
 3.675e+00 -6.000e-01 -7.575e+00 -3.137e+00 
 3.675e+00 -4.000e-01 -7.375e+00 -3.056e+00 
 3.675e+00 -2.000e-01 -7.175e+00 -2.972e+00 
 3.675e+00 -5.551e-17 -6.975e+00 -2.888e+00 
 3.675e+00  2.000e-01 -6.775e+00 -2.806e+00 
 3.675e+00  4.000e-01 -6.575e+00 -2.729e+00 
 3.675e+00  6.000e-01 -6.375e+00 -2.658e+00 
 3.675e+00  8.000e-01 -6.175e+00 -2.594e+00 
 3.675e+00  1.000e+00 -5.975e+00 -2.535e+00 
 3.700e+00 -8.000e+00 -1.490e+01 -1.692e+00 
 3.700e+00 -7.800e+00 -1.470e+01 -1.714e+00 
 3.700e+00 -7.600e+00 -1.450e+01 -1.734e+00 
 3.700e+00 -7.400e+00 -1.430e+01 -1.751e+00 
 3.700e+00 -7.200e+00 -1.410e+01 -1.766e+00 
 3.700e+00 -7.000e+00 -1.390e+01 -1.780e+00 
 3.700e+00 -6.800e+00 -1.370e+01 -1.796e+00 
 3.700e+00 -6.600e+00 -1.350e+01 -1.814e+00 
 3.700e+00 -6.400e+00 -1.330e+01 -1.838e+00 
 3.700e+00 -6.200e+00 -1.310e+01 -1.867e+00 
 3.700e+00 -6.000e+00 -1.290e+01 -1.904e+00 
 3.700e+00 -5.800e+00 -1.270e+01 -1.948e+00 
 3.700e+00 -5.600e+00 -1.250e+01 -1.999e+00 
 3.700e+00 -5.400e+00 -1.230e+01 -2.056e+00 
 3.700e+00 -5.200e+00 -1.210e+01 -2.117e+00 
 3.700e+00 -5.000e+00 -1.190e+01 -2.183e+00 
 3.700e+00 -4.800e+00 -1.170e+01 -2.250e+00 
 3.700e+00 -4.600e+00 -1.150e+01 -2.320e+00 
 3.700e+00 -4.400e+00 -1.130e+01 -2.390e+00 
 3.700e+00 -4.200e+00 -1.110e+01 -2.459e+00 
 3.700e+00 -4.000e+00 -1.090e+01 -2.528e+00 
 3.700e+00 -3.800e+00 -1.070e+01 -2.594e+00 
 3.700e+00 -3.600e+00 -1.050e+01 -2.657e+00 
 3.700e+00 -3.400e+00 -1.030e+01 -2.716e+00 
 3.700e+00 -3.200e+00 -1.010e+01 -2.771e+00 
 3.700e+00 -3.000e+00 -9.900e+00 -2.821e+00 
 3.700e+00 -2.800e+00 -9.700e+00 -2.865e+00 
 3.700e+00 -2.600e+00 -9.500e+00 -2.902e+00 
 3.700e+00 -2.400e+00 -9.300e+00 -2.932e+00 
 3.700e+00 -2.200e+00 -9.100e+00 -2.954e+00 
 3.700e+00 -2.000e+00 -8.900e+00 -2.968e+00 
 3.700e+00 -1.800e+00 -8.700e+00 -2.973e+00 
 3.700e+00 -1.600e+00 -8.500e+00 -2.969e+00 
 3.700e+00 -1.400e+00 -8.300e+00 -2.956e+00 
 3.700e+00 -1.200e+00 -8.100e+00 -2.933e+00 
 3.700e+00 -1.000e+00 -7.900e+00 -2.900e+00 
 3.700e+00 -8.000e-01 -7.700e+00 -2.856e+00 
 3.700e+00 -6.000e-01 -7.500e+00 -2.803e+00 
 3.700e+00 -4.000e-01 -7.300e+00 -2.742e+00 
 3.700e+00 -2.000e-01 -7.100e+00 -2.672e+00 
 3.700e+00 -5.551e-17 -6.900e+00 -2.598e+00 
 3.700e+00  2.000e-01 -6.700e+00 -2.520e+00 
 3.700e+00  4.000e-01 -6.500e+00 -2.442e+00 
 3.700e+00  6.000e-01 -6.300e+00 -2.365e+00 
 3.700e+00  8.000e-01 -6.100e+00 -2.293e+00 
 3.700e+00  1.000e+00 -5.900e+00 -2.225e+00 
 3.725e+00 -8.000e+00 -1.482e+01 -1.603e+00 
 3.725e+00 -7.800e+00 -1.462e+01 -1.626e+00 
 3.725e+00 -7.600e+00 -1.442e+01 -1.650e+00 
 3.725e+00 -7.400e+00 -1.422e+01 -1.674e+00 
 3.725e+00 -7.200e+00 -1.402e+01 -1.697e+00 
 3.725e+00 -7.000e+00 -1.382e+01 -1.719e+00 
 3.725e+00 -6.800e+00 -1.362e+01 -1.737e+00 
 3.725e+00 -6.600e+00 -1.342e+01 -1.753e+00 
 3.725e+00 -6.400e+00 -1.322e+01 -1.767e+00 
 3.725e+00 -6.200e+00 -1.302e+01 -1.782e+00 
 3.725e+00 -6.000e+00 -1.282e+01 -1.798e+00 
 3.725e+00 -5.800e+00 -1.262e+01 -1.817e+00 
 3.725e+00 -5.600e+00 -1.242e+01 -1.842e+00 
 3.725e+00 -5.400e+00 -1.222e+01 -1.872e+00 
 3.725e+00 -5.200e+00 -1.202e+01 -1.907e+00 
 3.725e+00 -5.000e+00 -1.182e+01 -1.948e+00 
 3.725e+00 -4.800e+00 -1.162e+01 -1.994e+00 
 3.725e+00 -4.600e+00 -1.142e+01 -2.043e+00 
 3.725e+00 -4.400e+00 -1.122e+01 -2.094e+00 
 3.725e+00 -4.200e+00 -1.102e+01 -2.145e+00 
 3.725e+00 -4.000e+00 -1.082e+01 -2.196e+00 
 3.725e+00 -3.800e+00 -1.062e+01 -2.246e+00 
 3.725e+00 -3.600e+00 -1.042e+01 -2.293e+00 
 3.725e+00 -3.400e+00 -1.022e+01 -2.337e+00 
 3.725e+00 -3.200e+00 -1.002e+01 -2.377e+00 
 3.725e+00 -3.000e+00 -9.825e+00 -2.412e+00 
 3.725e+00 -2.800e+00 -9.625e+00 -2.443e+00 
 3.725e+00 -2.600e+00 -9.425e+00 -2.467e+00 
 3.725e+00 -2.400e+00 -9.225e+00 -2.487e+00 
 3.725e+00 -2.200e+00 -9.025e+00 -2.501e+00 
 3.725e+00 -2.000e+00 -8.825e+00 -2.509e+00 
 3.725e+00 -1.800e+00 -8.625e+00 -2.511e+00 
 3.725e+00 -1.600e+00 -8.425e+00 -2.508e+00 
 3.725e+00 -1.400e+00 -8.225e+00 -2.499e+00 
 3.725e+00 -1.200e+00 -8.025e+00 -2.484e+00 
 3.725e+00 -1.000e+00 -7.825e+00 -2.463e+00 
 3.725e+00 -8.000e-01 -7.625e+00 -2.435e+00 
 3.725e+00 -6.000e-01 -7.425e+00 -2.401e+00 
 3.725e+00 -4.000e-01 -7.225e+00 -2.359e+00 
 3.725e+00 -2.000e-01 -7.025e+00 -2.311e+00 
 3.725e+00 -5.551e-17 -6.825e+00 -2.256e+00 
 3.725e+00  2.000e-01 -6.625e+00 -2.196e+00 
 3.725e+00  4.000e-01 -6.425e+00 -2.130e+00 
 3.725e+00  6.000e-01 -6.225e+00 -2.062e+00 
 3.725e+00  8.000e-01 -6.025e+00 -1.993e+00 
 3.725e+00  1.000e+00 -5.825e+00 -1.926e+00 
 3.750e+00 -8.000e+00 -1.475e+01 -1.551e+00 
 3.750e+00 -7.800e+00 -1.455e+01 -1.561e+00 
 3.750e+00 -7.600e+00 -1.435e+01 -1.574e+00 
 3.750e+00 -7.400e+00 -1.415e+01 -1.592e+00 
 3.750e+00 -7.200e+00 -1.395e+01 -1.612e+00 
 3.750e+00 -7.000e+00 -1.375e+01 -1.635e+00 
 3.750e+00 -6.800e+00 -1.355e+01 -1.658e+00 
 3.750e+00 -6.600e+00 -1.335e+01 -1.681e+00 
 3.750e+00 -6.400e+00 -1.315e+01 -1.701e+00 
 3.750e+00 -6.200e+00 -1.295e+01 -1.719e+00 
 3.750e+00 -6.000e+00 -1.275e+01 -1.733e+00 
 3.750e+00 -5.800e+00 -1.255e+01 -1.744e+00 
 3.750e+00 -5.600e+00 -1.235e+01 -1.753e+00 
 3.750e+00 -5.400e+00 -1.215e+01 -1.762e+00 
 3.750e+00 -5.200e+00 -1.195e+01 -1.773e+00 
 3.750e+00 -5.000e+00 -1.175e+01 -1.785e+00 
 3.750e+00 -4.800e+00 -1.155e+01 -1.801e+00 
 3.750e+00 -4.600e+00 -1.135e+01 -1.821e+00 
 3.750e+00 -4.400e+00 -1.115e+01 -1.843e+00 
 3.750e+00 -4.200e+00 -1.095e+01 -1.868e+00 
 3.750e+00 -4.000e+00 -1.075e+01 -1.893e+00 
 3.750e+00 -3.800e+00 -1.055e+01 -1.918e+00 
 3.750e+00 -3.600e+00 -1.035e+01 -1.943e+00 
 3.750e+00 -3.400e+00 -1.015e+01 -1.965e+00 
 3.750e+00 -3.200e+00 -9.950e+00 -1.985e+00 
 3.750e+00 -3.000e+00 -9.750e+00 -2.002e+00 
 3.750e+00 -2.800e+00 -9.550e+00 -2.017e+00 
 3.750e+00 -2.600e+00 -9.350e+00 -2.028e+00 
 3.750e+00 -2.400e+00 -9.150e+00 -2.035e+00 
 3.750e+00 -2.200e+00 -8.950e+00 -2.040e+00 
 3.750e+00 -2.000e+00 -8.750e+00 -2.042e+00 
 3.750e+00 -1.800e+00 -8.550e+00 -2.040e+00 
 3.750e+00 -1.600e+00 -8.350e+00 -2.035e+00 
 3.750e+00 -1.400e+00 -8.150e+00 -2.028e+00 
 3.750e+00 -1.200e+00 -7.950e+00 -2.016e+00 
 3.750e+00 -1.000e+00 -7.750e+00 -2.002e+00 
 3.750e+00 -8.000e-01 -7.550e+00 -1.983e+00 
 3.750e+00 -6.000e-01 -7.350e+00 -1.961e+00 
 3.750e+00 -4.000e-01 -7.150e+00 -1.933e+00 
 3.750e+00 -2.000e-01 -6.950e+00 -1.901e+00 
 3.750e+00 -5.551e-17 -6.750e+00 -1.864e+00 
 3.750e+00  2.000e-01 -6.550e+00 -1.822e+00 
 3.750e+00  4.000e-01 -6.350e+00 -1.775e+00 
 3.750e+00  6.000e-01 -6.150e+00 -1.723e+00 
 3.750e+00  8.000e-01 -5.950e+00 -1.668e+00 
 3.750e+00  1.000e+00 -5.750e+00 -1.610e+00 
 3.775e+00 -8.000e+00 -1.468e+01 -1.532e+00 
 3.775e+00 -7.800e+00 -1.448e+01 -1.535e+00 
 3.775e+00 -7.600e+00 -1.428e+01 -1.539e+00 
 3.775e+00 -7.400e+00 -1.407e+01 -1.545e+00 
 3.775e+00 -7.200e+00 -1.388e+01 -1.554e+00 
 3.775e+00 -7.000e+00 -1.368e+01 -1.565e+00 
 3.775e+00 -6.800e+00 -1.347e+01 -1.581e+00 
 3.775e+00 -6.600e+00 -1.327e+01 -1.599e+00 
 3.775e+00 -6.400e+00 -1.307e+01 -1.619e+00 
 3.775e+00 -6.200e+00 -1.288e+01 -1.640e+00 
 3.775e+00 -6.000e+00 -1.267e+01 -1.659e+00 
 3.775e+00 -5.800e+00 -1.247e+01 -1.675e+00 
 3.775e+00 -5.600e+00 -1.227e+01 -1.686e+00 
 3.775e+00 -5.400e+00 -1.207e+01 -1.692e+00 
 3.775e+00 -5.200e+00 -1.187e+01 -1.692e+00 
 3.775e+00 -5.000e+00 -1.167e+01 -1.688e+00 
 3.775e+00 -4.800e+00 -1.147e+01 -1.680e+00 
 3.775e+00 -4.600e+00 -1.127e+01 -1.670e+00 
 3.775e+00 -4.400e+00 -1.107e+01 -1.659e+00 
 3.775e+00 -4.200e+00 -1.087e+01 -1.649e+00 
 3.775e+00 -4.000e+00 -1.067e+01 -1.640e+00 
 3.775e+00 -3.800e+00 -1.047e+01 -1.632e+00 
 3.775e+00 -3.600e+00 -1.027e+01 -1.625e+00 
 3.775e+00 -3.400e+00 -1.007e+01 -1.620e+00 
 3.775e+00 -3.200e+00 -9.875e+00 -1.615e+00 
 3.775e+00 -3.000e+00 -9.675e+00 -1.610e+00 
 3.775e+00 -2.800e+00 -9.475e+00 -1.606e+00 
 3.775e+00 -2.600e+00 -9.275e+00 -1.602e+00 
 3.775e+00 -2.400e+00 -9.075e+00 -1.597e+00 
 3.775e+00 -2.200e+00 -8.875e+00 -1.592e+00 
 3.775e+00 -2.000e+00 -8.675e+00 -1.586e+00 
 3.775e+00 -1.800e+00 -8.475e+00 -1.579e+00 
 3.775e+00 -1.600e+00 -8.275e+00 -1.572e+00 
 3.775e+00 -1.400e+00 -8.075e+00 -1.563e+00 
 3.775e+00 -1.200e+00 -7.875e+00 -1.553e+00 
 3.775e+00 -1.000e+00 -7.675e+00 -1.541e+00 
 3.775e+00 -8.000e-01 -7.475e+00 -1.527e+00 
 3.775e+00 -6.000e-01 -7.275e+00 -1.511e+00 
 3.775e+00 -4.000e-01 -7.075e+00 -1.493e+00 
 3.775e+00 -2.000e-01 -6.875e+00 -1.471e+00 
 3.775e+00 -5.551e-17 -6.675e+00 -1.446e+00 
 3.775e+00  2.000e-01 -6.475e+00 -1.417e+00 
 3.775e+00  4.000e-01 -6.275e+00 -1.385e+00 
 3.775e+00  6.000e-01 -6.075e+00 -1.348e+00 
 3.775e+00  8.000e-01 -5.875e+00 -1.308e+00 
 3.775e+00  1.000e+00 -5.675e+00 -1.264e+00 
 3.800e+00 -8.000e+00 -1.460e+01 -1.526e+00 
 3.800e+00 -7.800e+00 -1.440e+01 -1.526e+00 
 3.800e+00 -7.600e+00 -1.420e+01 -1.526e+00 
 3.800e+00 -7.400e+00 -1.400e+01 -1.527e+00 
 3.800e+00 -7.200e+00 -1.380e+01 -1.529e+00 
 3.800e+00 -7.000e+00 -1.360e+01 -1.532e+00 
 3.800e+00 -6.800e+00 -1.340e+01 -1.537e+00 
 3.800e+00 -6.600e+00 -1.320e+01 -1.544e+00 
 3.800e+00 -6.400e+00 -1.300e+01 -1.553e+00 
 3.800e+00 -6.200e+00 -1.280e+01 -1.565e+00 
 3.800e+00 -6.000e+00 -1.260e+01 -1.579e+00 
 3.800e+00 -5.800e+00 -1.240e+01 -1.593e+00 
 3.800e+00 -5.600e+00 -1.220e+01 -1.606e+00 
 3.800e+00 -5.400e+00 -1.200e+01 -1.616e+00 
 3.800e+00 -5.200e+00 -1.180e+01 -1.618e+00 
 3.800e+00 -5.000e+00 -1.160e+01 -1.613e+00 
 3.800e+00 -4.800e+00 -1.140e+01 -1.598e+00 
 3.800e+00 -4.600e+00 -1.120e+01 -1.573e+00 
 3.800e+00 -4.400e+00 -1.100e+01 -1.540e+00 
 3.800e+00 -4.200e+00 -1.080e+01 -1.500e+00 
 3.800e+00 -4.000e+00 -1.060e+01 -1.456e+00 
 3.800e+00 -3.800e+00 -1.040e+01 -1.411e+00 
 3.800e+00 -3.600e+00 -1.020e+01 -1.367e+00 
 3.800e+00 -3.400e+00 -1.000e+01 -1.327e+00 
 3.800e+00 -3.200e+00 -9.800e+00 -1.291e+00 
 3.800e+00 -3.000e+00 -9.600e+00 -1.259e+00 
 3.800e+00 -2.800e+00 -9.400e+00 -1.232e+00 
 3.800e+00 -2.600e+00 -9.200e+00 -1.209e+00 
 3.800e+00 -2.400e+00 -9.000e+00 -1.189e+00 
 3.800e+00 -2.200e+00 -8.800e+00 -1.172e+00 
 3.800e+00 -2.000e+00 -8.600e+00 -1.157e+00 
 3.800e+00 -1.800e+00 -8.400e+00 -1.144e+00 
 3.800e+00 -1.600e+00 -8.200e+00 -1.131e+00 
 3.800e+00 -1.400e+00 -8.000e+00 -1.120e+00 
 3.800e+00 -1.200e+00 -7.800e+00 -1.108e+00 
 3.800e+00 -1.000e+00 -7.600e+00 -1.097e+00 
 3.800e+00 -8.000e-01 -7.400e+00 -1.084e+00 
 3.800e+00 -6.000e-01 -7.200e+00 -1.071e+00 
 3.800e+00 -4.000e-01 -7.000e+00 -1.057e+00 
 3.800e+00 -2.000e-01 -6.800e+00 -1.041e+00 
 3.800e+00 -5.551e-17 -6.600e+00 -1.024e+00 
 3.800e+00  2.000e-01 -6.400e+00 -1.004e+00 
 3.800e+00  4.000e-01 -6.200e+00 -9.809e-01 
 3.800e+00  6.000e-01 -6.000e+00 -9.554e-01 
 3.800e+00  8.000e-01 -5.800e+00 -9.270e-01 
 3.800e+00  1.000e+00 -5.600e+00 -8.954e-01 
 3.825e+00 -8.000e+00 -1.452e+01 -1.524e+00 
 3.825e+00 -7.800e+00 -1.432e+01 -1.523e+00 
 3.825e+00 -7.600e+00 -1.412e+01 -1.522e+00 
 3.825e+00 -7.400e+00 -1.392e+01 -1.521e+00 
 3.825e+00 -7.200e+00 -1.372e+01 -1.520e+00 
 3.825e+00 -7.000e+00 -1.352e+01 -1.520e+00 
 3.825e+00 -6.800e+00 -1.332e+01 -1.519e+00 
 3.825e+00 -6.600e+00 -1.312e+01 -1.520e+00 
 3.825e+00 -6.400e+00 -1.292e+01 -1.521e+00 
 3.825e+00 -6.200e+00 -1.272e+01 -1.522e+00 
 3.825e+00 -6.000e+00 -1.252e+01 -1.525e+00 
 3.825e+00 -5.800e+00 -1.232e+01 -1.529e+00 
 3.825e+00 -5.600e+00 -1.212e+01 -1.533e+00 
 3.825e+00 -5.400e+00 -1.192e+01 -1.536e+00 
 3.825e+00 -5.200e+00 -1.172e+01 -1.535e+00 
 3.825e+00 -5.000e+00 -1.152e+01 -1.529e+00 
 3.825e+00 -4.800e+00 -1.132e+01 -1.515e+00 
 3.825e+00 -4.600e+00 -1.112e+01 -1.489e+00 
 3.825e+00 -4.400e+00 -1.092e+01 -1.450e+00 
 3.825e+00 -4.200e+00 -1.072e+01 -1.398e+00 
 3.825e+00 -4.000e+00 -1.052e+01 -1.333e+00 
 3.825e+00 -3.800e+00 -1.032e+01 -1.260e+00 
 3.825e+00 -3.600e+00 -1.012e+01 -1.182e+00 
 3.825e+00 -3.400e+00 -9.925e+00 -1.106e+00 
 3.825e+00 -3.200e+00 -9.725e+00 -1.035e+00 
 3.825e+00 -3.000e+00 -9.525e+00 -9.707e-01 
 3.825e+00 -2.800e+00 -9.325e+00 -9.152e-01 
 3.825e+00 -2.600e+00 -9.125e+00 -8.680e-01 
 3.825e+00 -2.400e+00 -8.925e+00 -8.283e-01 
 3.825e+00 -2.200e+00 -8.725e+00 -7.952e-01 
 3.825e+00 -2.000e+00 -8.525e+00 -7.674e-01 
 3.825e+00 -1.800e+00 -8.325e+00 -7.441e-01 
 3.825e+00 -1.600e+00 -8.125e+00 -7.243e-01 
 3.825e+00 -1.400e+00 -7.925e+00 -7.070e-01 
 3.825e+00 -1.200e+00 -7.725e+00 -6.918e-01 
 3.825e+00 -1.000e+00 -7.525e+00 -6.778e-01 
 3.825e+00 -8.000e-01 -7.325e+00 -6.647e-01 
 3.825e+00 -6.000e-01 -7.125e+00 -6.519e-01 
 3.825e+00 -4.000e-01 -6.925e+00 -6.390e-01 
 3.825e+00 -2.000e-01 -6.725e+00 -6.257e-01 
 3.825e+00 -5.551e-17 -6.525e+00 -6.116e-01 
 3.825e+00  2.000e-01 -6.325e+00 -5.962e-01 
 3.825e+00  4.000e-01 -6.125e+00 -5.795e-01 
 3.825e+00  6.000e-01 -5.925e+00 -5.609e-01 
 3.825e+00  8.000e-01 -5.725e+00 -5.403e-01 
 3.825e+00  1.000e+00 -5.525e+00 -5.176e-01 
 3.850e+00 -8.000e+00 -1.445e+01 -1.524e+00 
 3.850e+00 -7.800e+00 -1.425e+01 -1.522e+00 
 3.850e+00 -7.600e+00 -1.405e+01 -1.521e+00 
 3.850e+00 -7.400e+00 -1.385e+01 -1.519e+00 
 3.850e+00 -7.200e+00 -1.365e+01 -1.517e+00 
 3.850e+00 -7.000e+00 -1.345e+01 -1.515e+00 
 3.850e+00 -6.800e+00 -1.325e+01 -1.513e+00 
 3.850e+00 -6.600e+00 -1.305e+01 -1.510e+00 
 3.850e+00 -6.400e+00 -1.285e+01 -1.507e+00 
 3.850e+00 -6.200e+00 -1.265e+01 -1.504e+00 
 3.850e+00 -6.000e+00 -1.245e+01 -1.500e+00 
 3.850e+00 -5.800e+00 -1.225e+01 -1.495e+00 
 3.850e+00 -5.600e+00 -1.205e+01 -1.489e+00 
 3.850e+00 -5.400e+00 -1.185e+01 -1.480e+00 
 3.850e+00 -5.200e+00 -1.165e+01 -1.468e+00 
 3.850e+00 -5.000e+00 -1.145e+01 -1.452e+00 
 3.850e+00 -4.800e+00 -1.125e+01 -1.430e+00 
 3.850e+00 -4.600e+00 -1.105e+01 -1.399e+00 
 3.850e+00 -4.400e+00 -1.085e+01 -1.357e+00 
 3.850e+00 -4.200e+00 -1.065e+01 -1.301e+00 
 3.850e+00 -4.000e+00 -1.045e+01 -1.232e+00 
 3.850e+00 -3.800e+00 -1.025e+01 -1.148e+00 
 3.850e+00 -3.600e+00 -1.005e+01 -1.054e+00 
 3.850e+00 -3.400e+00 -9.850e+00 -9.535e-01 
 3.850e+00 -3.200e+00 -9.650e+00 -8.525e-01 
 3.850e+00 -3.000e+00 -9.450e+00 -7.566e-01 
 3.850e+00 -2.800e+00 -9.250e+00 -6.695e-01 
 3.850e+00 -2.600e+00 -9.050e+00 -5.931e-01 
 3.850e+00 -2.400e+00 -8.850e+00 -5.279e-01 
 3.850e+00 -2.200e+00 -8.650e+00 -4.732e-01 
 3.850e+00 -2.000e+00 -8.450e+00 -4.277e-01 
 3.850e+00 -1.800e+00 -8.250e+00 -3.900e-01 
 3.850e+00 -1.600e+00 -8.050e+00 -3.588e-01 
 3.850e+00 -1.400e+00 -7.850e+00 -3.327e-01 
 3.850e+00 -1.200e+00 -7.650e+00 -3.107e-01 
 3.850e+00 -1.000e+00 -7.450e+00 -2.918e-01 
 3.850e+00 -8.000e-01 -7.250e+00 -2.751e-01 
 3.850e+00 -6.000e-01 -7.050e+00 -2.601e-01 
 3.850e+00 -4.000e-01 -6.850e+00 -2.462e-01 
 3.850e+00 -2.000e-01 -6.650e+00 -2.329e-01 
 3.850e+00 -5.551e-17 -6.450e+00 -2.197e-01 
 3.850e+00  2.000e-01 -6.250e+00 -2.062e-01 
 3.850e+00  4.000e-01 -6.050e+00 -1.923e-01 
 3.850e+00  6.000e-01 -5.850e+00 -1.774e-01 
 3.850e+00  8.000e-01 -5.650e+00 -1.615e-01 
 3.850e+00  1.000e+00 -5.450e+00 -1.442e-01 
 3.875e+00 -8.000e+00 -1.438e+01 -1.524e+00 
 3.875e+00 -7.800e+00 -1.418e+01 -1.523e+00 
 3.875e+00 -7.600e+00 -1.397e+01 -1.521e+00 
 3.875e+00 -7.400e+00 -1.377e+01 -1.519e+00 
 3.875e+00 -7.200e+00 -1.357e+01 -1.516e+00 
 3.875e+00 -7.000e+00 -1.338e+01 -1.513e+00 
 3.875e+00 -6.800e+00 -1.317e+01 -1.510e+00 
 3.875e+00 -6.600e+00 -1.297e+01 -1.506e+00 
 3.875e+00 -6.400e+00 -1.277e+01 -1.502e+00 
 3.875e+00 -6.200e+00 -1.257e+01 -1.496e+00 
 3.875e+00 -6.000e+00 -1.237e+01 -1.489e+00 
 3.875e+00 -5.800e+00 -1.217e+01 -1.480e+00 
 3.875e+00 -5.600e+00 -1.197e+01 -1.469e+00 
 3.875e+00 -5.400e+00 -1.177e+01 -1.453e+00 
 3.875e+00 -5.200e+00 -1.157e+01 -1.432e+00 
 3.875e+00 -5.000e+00 -1.137e+01 -1.404e+00 
 3.875e+00 -4.800e+00 -1.117e+01 -1.368e+00 
 3.875e+00 -4.600e+00 -1.097e+01 -1.323e+00 
 3.875e+00 -4.400e+00 -1.077e+01 -1.269e+00 
 3.875e+00 -4.200e+00 -1.057e+01 -1.205e+00 
 3.875e+00 -4.000e+00 -1.037e+01 -1.129e+00 
 3.875e+00 -3.800e+00 -1.017e+01 -1.042e+00 
 3.875e+00 -3.600e+00 -9.975e+00 -9.433e-01 
 3.875e+00 -3.400e+00 -9.775e+00 -8.354e-01 
 3.875e+00 -3.200e+00 -9.575e+00 -7.213e-01 
 3.875e+00 -3.000e+00 -9.375e+00 -6.056e-01 
 3.875e+00 -2.800e+00 -9.175e+00 -4.934e-01 
 3.875e+00 -2.600e+00 -8.975e+00 -3.892e-01 
 3.875e+00 -2.400e+00 -8.775e+00 -2.961e-01 
 3.875e+00 -2.200e+00 -8.575e+00 -2.153e-01 
 3.875e+00 -2.000e+00 -8.375e+00 -1.469e-01 
 3.875e+00 -1.800e+00 -8.175e+00 -8.971e-02 
 3.875e+00 -1.600e+00 -7.975e+00 -4.236e-02 
 3.875e+00 -1.400e+00 -7.775e+00 -3.239e-03 
 3.875e+00 -1.200e+00 -7.575e+00  2.916e-02 
 3.875e+00 -1.000e+00 -7.375e+00  5.618e-02 
 3.875e+00 -8.000e-01 -7.175e+00  7.900e-02 
 3.875e+00 -6.000e-01 -6.975e+00  9.861e-02 
 3.875e+00 -4.000e-01 -6.775e+00  1.158e-01 
 3.875e+00 -2.000e-01 -6.575e+00  1.313e-01 
 3.875e+00 -5.551e-17 -6.375e+00  1.457e-01 
 3.875e+00  2.000e-01 -6.175e+00  1.594e-01 
 3.875e+00  4.000e-01 -5.975e+00  1.728e-01 
 3.875e+00  6.000e-01 -5.775e+00  1.864e-01 
 3.875e+00  8.000e-01 -5.575e+00  2.003e-01 
 3.875e+00  1.000e+00 -5.375e+00  2.148e-01 
 3.900e+00 -8.000e+00 -1.430e+01 -1.525e+00 
 3.900e+00 -7.800e+00 -1.410e+01 -1.523e+00 
 3.900e+00 -7.600e+00 -1.390e+01 -1.521e+00 
 3.900e+00 -7.400e+00 -1.370e+01 -1.519e+00 
 3.900e+00 -7.200e+00 -1.350e+01 -1.516e+00 
 3.900e+00 -7.000e+00 -1.330e+01 -1.513e+00 
 3.900e+00 -6.800e+00 -1.310e+01 -1.510e+00 
 3.900e+00 -6.600e+00 -1.290e+01 -1.505e+00 
 3.900e+00 -6.400e+00 -1.270e+01 -1.500e+00 
 3.900e+00 -6.200e+00 -1.250e+01 -1.493e+00 
 3.900e+00 -6.000e+00 -1.230e+01 -1.485e+00 
 3.900e+00 -5.800e+00 -1.210e+01 -1.474e+00 
 3.900e+00 -5.600e+00 -1.190e+01 -1.460e+00 
 3.900e+00 -5.400e+00 -1.170e+01 -1.442e+00 
 3.900e+00 -5.200e+00 -1.150e+01 -1.416e+00 
 3.900e+00 -5.000e+00 -1.130e+01 -1.382e+00 
 3.900e+00 -4.800e+00 -1.110e+01 -1.338e+00 
 3.900e+00 -4.600e+00 -1.090e+01 -1.281e+00 
 3.900e+00 -4.400e+00 -1.070e+01 -1.212e+00 
 3.900e+00 -4.200e+00 -1.050e+01 -1.131e+00 
 3.900e+00 -4.000e+00 -1.030e+01 -1.041e+00 
 3.900e+00 -3.800e+00 -1.010e+01 -9.421e-01 
 3.900e+00 -3.600e+00 -9.900e+00 -8.362e-01 
 3.900e+00 -3.400e+00 -9.700e+00 -7.242e-01 
 3.900e+00 -3.200e+00 -9.500e+00 -6.068e-01 
 3.900e+00 -3.000e+00 -9.300e+00 -4.855e-01 
 3.900e+00 -2.800e+00 -9.100e+00 -3.626e-01 
 3.900e+00 -2.600e+00 -8.900e+00 -2.418e-01 
 3.900e+00 -2.400e+00 -8.700e+00 -1.271e-01 
 3.900e+00 -2.200e+00 -8.500e+00 -2.195e-02 
 3.900e+00 -2.000e+00 -8.300e+00  7.123e-02 
 3.900e+00 -1.800e+00 -8.100e+00  1.516e-01 
 3.900e+00 -1.600e+00 -7.900e+00  2.195e-01 
 3.900e+00 -1.400e+00 -7.700e+00  2.761e-01 
 3.900e+00 -1.200e+00 -7.500e+00  3.229e-01 
 3.900e+00 -1.000e+00 -7.300e+00  3.617e-01 
 3.900e+00 -8.000e-01 -7.100e+00  3.938e-01 
 3.900e+00 -6.000e-01 -6.900e+00  4.207e-01 
 3.900e+00 -4.000e-01 -6.700e+00  4.434e-01 
 3.900e+00 -2.000e-01 -6.500e+00  4.631e-01 
 3.900e+00 -5.551e-17 -6.300e+00  4.805e-01 
 3.900e+00  2.000e-01 -6.100e+00  4.962e-01 
 3.900e+00  4.000e-01 -5.900e+00  5.108e-01 
 3.900e+00  6.000e-01 -5.700e+00  5.247e-01 
 3.900e+00  8.000e-01 -5.500e+00  5.384e-01 
 3.900e+00  1.000e+00 -5.300e+00  5.520e-01 
 3.925e+00 -8.000e+00 -1.423e+01 -1.523e+00 
 3.925e+00 -7.800e+00 -1.403e+01 -1.522e+00 
 3.925e+00 -7.600e+00 -1.383e+01 -1.521e+00 
 3.925e+00 -7.400e+00 -1.362e+01 -1.519e+00 
 3.925e+00 -7.200e+00 -1.343e+01 -1.516e+00 
 3.925e+00 -7.000e+00 -1.323e+01 -1.513e+00 
 3.925e+00 -6.800e+00 -1.303e+01 -1.509e+00 
 3.925e+00 -6.600e+00 -1.282e+01 -1.505e+00 
 3.925e+00 -6.400e+00 -1.262e+01 -1.500e+00 
 3.925e+00 -6.200e+00 -1.243e+01 -1.493e+00 
 3.925e+00 -6.000e+00 -1.222e+01 -1.484e+00 
 3.925e+00 -5.800e+00 -1.202e+01 -1.472e+00 
 3.925e+00 -5.600e+00 -1.182e+01 -1.457e+00 
 3.925e+00 -5.400e+00 -1.162e+01 -1.438e+00 
 3.925e+00 -5.200e+00 -1.142e+01 -1.411e+00 
 3.925e+00 -5.000e+00 -1.122e+01 -1.374e+00 
 3.925e+00 -4.800e+00 -1.102e+01 -1.326e+00 
 3.925e+00 -4.600e+00 -1.082e+01 -1.264e+00 
 3.925e+00 -4.400e+00 -1.062e+01 -1.186e+00 
 3.925e+00 -4.200e+00 -1.042e+01 -1.093e+00 
 3.925e+00 -4.000e+00 -1.022e+01 -9.875e-01 
 3.925e+00 -3.800e+00 -1.002e+01 -8.721e-01 
 3.925e+00 -3.600e+00 -9.825e+00 -7.509e-01 
 3.925e+00 -3.400e+00 -9.625e+00 -6.267e-01 
 3.925e+00 -3.200e+00 -9.425e+00 -5.014e-01 
 3.925e+00 -3.000e+00 -9.225e+00 -3.755e-01 
 3.925e+00 -2.800e+00 -9.025e+00 -2.493e-01 
 3.925e+00 -2.600e+00 -8.825e+00 -1.233e-01 
 3.925e+00 -2.400e+00 -8.625e+00  1.043e-03 
 3.925e+00 -2.200e+00 -8.425e+00  1.210e-01 
 3.925e+00 -2.000e+00 -8.225e+00  2.335e-01 
 3.925e+00 -1.800e+00 -8.025e+00  3.355e-01 
 3.925e+00 -1.600e+00 -7.825e+00  4.253e-01 
 3.925e+00 -1.400e+00 -7.625e+00  5.024e-01 
 3.925e+00 -1.200e+00 -7.425e+00  5.674e-01 
 3.925e+00 -1.000e+00 -7.225e+00  6.216e-01 
 3.925e+00 -8.000e-01 -7.025e+00  6.664e-01 
 3.925e+00 -6.000e-01 -6.825e+00  7.035e-01 
 3.925e+00 -4.000e-01 -6.625e+00  7.345e-01 
 3.925e+00 -2.000e-01 -6.425e+00  7.605e-01 
 3.925e+00 -5.551e-17 -6.225e+00  7.826e-01 
 3.925e+00  2.000e-01 -6.025e+00  8.019e-01 
 3.925e+00  4.000e-01 -5.825e+00  8.191e-01 
 3.925e+00  6.000e-01 -5.625e+00  8.348e-01 
 3.925e+00  8.000e-01 -5.425e+00  8.494e-01 
 3.925e+00  1.000e+00 -5.225e+00  8.635e-01 
 3.950e+00 -8.000e+00 -1.415e+01 -1.516e+00 
 3.950e+00 -7.800e+00 -1.395e+01 -1.518e+00 
 3.950e+00 -7.600e+00 -1.375e+01 -1.518e+00 
 3.950e+00 -7.400e+00 -1.355e+01 -1.517e+00 
 3.950e+00 -7.200e+00 -1.335e+01 -1.515e+00 
 3.950e+00 -7.000e+00 -1.315e+01 -1.512e+00 
 3.950e+00 -6.800e+00 -1.295e+01 -1.509e+00 
 3.950e+00 -6.600e+00 -1.275e+01 -1.505e+00 
 3.950e+00 -6.400e+00 -1.255e+01 -1.499e+00 
 3.950e+00 -6.200e+00 -1.235e+01 -1.492e+00 
 3.950e+00 -6.000e+00 -1.215e+01 -1.483e+00 
 3.950e+00 -5.800e+00 -1.195e+01 -1.472e+00 
 3.950e+00 -5.600e+00 -1.175e+01 -1.457e+00 
 3.950e+00 -5.400e+00 -1.155e+01 -1.437e+00 
 3.950e+00 -5.200e+00 -1.135e+01 -1.410e+00 
 3.950e+00 -5.000e+00 -1.115e+01 -1.373e+00 
 3.950e+00 -4.800e+00 -1.095e+01 -1.324e+00 
 3.950e+00 -4.600e+00 -1.075e+01 -1.260e+00 
 3.950e+00 -4.400e+00 -1.055e+01 -1.179e+00 
 3.950e+00 -4.200e+00 -1.035e+01 -1.081e+00 
 3.950e+00 -4.000e+00 -1.015e+01 -9.660e-01 
 3.950e+00 -3.800e+00 -9.950e+00 -8.383e-01 
 3.950e+00 -3.600e+00 -9.750e+00 -7.019e-01 
 3.950e+00 -3.400e+00 -9.550e+00 -5.617e-01 
 3.950e+00 -3.200e+00 -9.350e+00 -4.213e-01 
 3.950e+00 -3.000e+00 -9.150e+00 -2.835e-01 
 3.950e+00 -2.800e+00 -8.950e+00 -1.490e-01 
 3.950e+00 -2.600e+00 -8.750e+00 -1.783e-02 
 3.950e+00 -2.400e+00 -8.550e+00  1.107e-01 
 3.950e+00 -2.200e+00 -8.350e+00  2.365e-01 
 3.950e+00 -2.000e+00 -8.150e+00  3.585e-01 
 3.950e+00 -1.800e+00 -7.950e+00  4.746e-01 
 3.950e+00 -1.600e+00 -7.750e+00  5.820e-01 
 3.950e+00 -1.400e+00 -7.550e+00  6.786e-01 
 3.950e+00 -1.200e+00 -7.350e+00  7.629e-01 
 3.950e+00 -1.000e+00 -7.150e+00  8.350e-01 
 3.950e+00 -8.000e-01 -6.950e+00  8.956e-01 
 3.950e+00 -6.000e-01 -6.750e+00  9.460e-01 
 3.950e+00 -4.000e-01 -6.550e+00  9.878e-01 
 3.950e+00 -2.000e-01 -6.350e+00  1.023e+00 
 3.950e+00 -5.551e-17 -6.150e+00  1.052e+00 
 3.950e+00  2.000e-01 -5.950e+00  1.076e+00 
 3.950e+00  4.000e-01 -5.750e+00  1.097e+00 
 3.950e+00  6.000e-01 -5.550e+00  1.116e+00 
 3.950e+00  8.000e-01 -5.350e+00  1.133e+00 
 3.950e+00  1.000e+00 -5.150e+00  1.148e+00 
 3.975e+00 -8.000e+00 -1.407e+01 -1.488e+00 
 3.975e+00 -7.800e+00 -1.388e+01 -1.497e+00 
 3.975e+00 -7.600e+00 -1.367e+01 -1.504e+00 
 3.975e+00 -7.400e+00 -1.347e+01 -1.507e+00 
 3.975e+00 -7.200e+00 -1.327e+01 -1.508e+00 
 3.975e+00 -7.000e+00 -1.307e+01 -1.508e+00 
 3.975e+00 -6.800e+00 -1.287e+01 -1.506e+00 
 3.975e+00 -6.600e+00 -1.267e+01 -1.502e+00 
 3.975e+00 -6.400e+00 -1.247e+01 -1.498e+00 
 3.975e+00 -6.200e+00 -1.227e+01 -1.491e+00 
 3.975e+00 -6.000e+00 -1.207e+01 -1.483e+00 
 3.975e+00 -5.800e+00 -1.187e+01 -1.472e+00 
 3.975e+00 -5.600e+00 -1.167e+01 -1.457e+00 
 3.975e+00 -5.400e+00 -1.147e+01 -1.437e+00 
 3.975e+00 -5.200e+00 -1.127e+01 -1.410e+00 
 3.975e+00 -5.000e+00 -1.107e+01 -1.374e+00 
 3.975e+00 -4.800e+00 -1.087e+01 -1.326e+00 
 3.975e+00 -4.600e+00 -1.067e+01 -1.263e+00 
 3.975e+00 -4.400e+00 -1.047e+01 -1.182e+00 
 3.975e+00 -4.200e+00 -1.027e+01 -1.082e+00 
 3.975e+00 -4.000e+00 -1.007e+01 -9.637e-01 
 3.975e+00 -3.800e+00 -9.875e+00 -8.300e-01 
 3.975e+00 -3.600e+00 -9.675e+00 -6.845e-01 
 3.975e+00 -3.400e+00 -9.475e+00 -5.321e-01 
 3.975e+00 -3.200e+00 -9.275e+00 -3.772e-01 
 3.975e+00 -3.000e+00 -9.075e+00 -2.239e-01 
 3.975e+00 -2.800e+00 -8.875e+00 -7.507e-02 
 3.975e+00 -2.600e+00 -8.675e+00  6.793e-02 
 3.975e+00 -2.400e+00 -8.475e+00  2.050e-01 
 3.975e+00 -2.200e+00 -8.275e+00  3.367e-01 
 3.975e+00 -2.000e+00 -8.075e+00  4.640e-01 
 3.975e+00 -1.800e+00 -7.875e+00  5.869e-01 
 3.975e+00 -1.600e+00 -7.675e+00  7.045e-01 
 3.975e+00 -1.400e+00 -7.475e+00  8.147e-01 
 3.975e+00 -1.200e+00 -7.275e+00  9.155e-01 
 3.975e+00 -1.000e+00 -7.075e+00  1.005e+00 
 3.975e+00 -8.000e-01 -6.875e+00  1.083e+00 
 3.975e+00 -6.000e-01 -6.675e+00  1.148e+00 
 3.975e+00 -4.000e-01 -6.475e+00  1.204e+00 
 3.975e+00 -2.000e-01 -6.275e+00  1.249e+00 
 3.975e+00 -5.551e-17 -6.075e+00  1.288e+00 
 3.975e+00  2.000e-01 -5.875e+00  1.319e+00 
 3.975e+00  4.000e-01 -5.675e+00  1.346e+00 
 3.975e+00  6.000e-01 -5.475e+00  1.369e+00 
 3.975e+00  8.000e-01 -5.275e+00  1.389e+00 
 3.975e+00  1.000e+00 -5.075e+00  1.406e+00 
 4.000e+00 -8.000e+00 -1.400e+01 -1.427e+00 
 4.000e+00 -7.800e+00 -1.380e+01 -1.445e+00 
 4.000e+00 -7.600e+00 -1.360e+01 -1.461e+00 
 4.000e+00 -7.400e+00 -1.340e+01 -1.475e+00 
 4.000e+00 -7.200e+00 -1.320e+01 -1.484e+00 
 4.000e+00 -7.000e+00 -1.300e+01 -1.490e+00 
 4.000e+00 -6.800e+00 -1.280e+01 -1.494e+00 
 4.000e+00 -6.600e+00 -1.260e+01 -1.494e+00 
 4.000e+00 -6.400e+00 -1.240e+01 -1.491e+00 
 4.000e+00 -6.200e+00 -1.220e+01 -1.487e+00 
 4.000e+00 -6.000e+00 -1.200e+01 -1.480e+00 
 4.000e+00 -5.800e+00 -1.180e+01 -1.469e+00 
 4.000e+00 -5.600e+00 -1.160e+01 -1.455e+00 
 4.000e+00 -5.400e+00 -1.140e+01 -1.436e+00 
 4.000e+00 -5.200e+00 -1.120e+01 -1.410e+00 
 4.000e+00 -5.000e+00 -1.100e+01 -1.375e+00 
 4.000e+00 -4.800e+00 -1.080e+01 -1.329e+00 
 4.000e+00 -4.600e+00 -1.060e+01 -1.267e+00 
 4.000e+00 -4.400e+00 -1.040e+01 -1.188e+00 
 4.000e+00 -4.200e+00 -1.020e+01 -1.089e+00 
 4.000e+00 -4.000e+00 -1.000e+01 -9.710e-01 
 4.000e+00 -3.800e+00 -9.800e+00 -8.356e-01 
 4.000e+00 -3.600e+00 -9.600e+00 -6.864e-01 
 4.000e+00 -3.400e+00 -9.400e+00 -5.275e-01 
 4.000e+00 -3.200e+00 -9.200e+00 -3.633e-01 
 4.000e+00 -3.000e+00 -9.000e+00 -1.978e-01 
 4.000e+00 -2.800e+00 -8.800e+00 -3.480e-02 
 4.000e+00 -2.600e+00 -8.600e+00  1.231e-01 
 4.000e+00 -2.400e+00 -8.400e+00  2.740e-01 
 4.000e+00 -2.200e+00 -8.200e+00  4.172e-01 
 4.000e+00 -2.000e+00 -8.000e+00  5.532e-01 
 4.000e+00 -1.800e+00 -7.800e+00  6.828e-01 
 4.000e+00 -1.600e+00 -7.600e+00  8.068e-01 
 4.000e+00 -1.400e+00 -7.400e+00  9.251e-01 
 4.000e+00 -1.200e+00 -7.200e+00  1.037e+00 
 4.000e+00 -1.000e+00 -7.000e+00  1.140e+00 
 4.000e+00 -8.000e-01 -6.800e+00  1.233e+00 
 4.000e+00 -6.000e-01 -6.600e+00  1.314e+00 
 4.000e+00 -4.000e-01 -6.400e+00  1.384e+00 
 4.000e+00 -2.000e-01 -6.200e+00  1.443e+00 
 4.000e+00 -5.551e-17 -6.000e+00  1.492e+00 
 4.000e+00  2.000e-01 -5.800e+00  1.533e+00 
 4.000e+00  4.000e-01 -5.600e+00  1.567e+00 
 4.000e+00  6.000e-01 -5.400e+00  1.595e+00 
 4.000e+00  8.000e-01 -5.200e+00  1.619e+00 
 4.000e+00  1.000e+00 -5.000e+00  1.640e+00 
 4.025e+00 -8.000e+00 -1.392e+01 -1.367e+00 
 4.025e+00 -7.800e+00 -1.372e+01 -1.381e+00 
 4.025e+00 -7.600e+00 -1.352e+01 -1.397e+00 
 4.025e+00 -7.400e+00 -1.332e+01 -1.414e+00 
 4.025e+00 -7.200e+00 -1.312e+01 -1.431e+00 
 4.025e+00 -7.000e+00 -1.292e+01 -1.446e+00 
 4.025e+00 -6.800e+00 -1.272e+01 -1.458e+00 
 4.025e+00 -6.600e+00 -1.252e+01 -1.467e+00 
 4.025e+00 -6.400e+00 -1.232e+01 -1.472e+00 
 4.025e+00 -6.200e+00 -1.212e+01 -1.472e+00 
 4.025e+00 -6.000e+00 -1.192e+01 -1.469e+00 
 4.025e+00 -5.800e+00 -1.172e+01 -1.462e+00 
 4.025e+00 -5.600e+00 -1.152e+01 -1.450e+00 
 4.025e+00 -5.400e+00 -1.132e+01 -1.433e+00 
 4.025e+00 -5.200e+00 -1.112e+01 -1.408e+00 
 4.025e+00 -5.000e+00 -1.092e+01 -1.375e+00 
 4.025e+00 -4.800e+00 -1.072e+01 -1.330e+00 
 4.025e+00 -4.600e+00 -1.052e+01 -1.271e+00 
 4.025e+00 -4.400e+00 -1.032e+01 -1.194e+00 
 4.025e+00 -4.200e+00 -1.012e+01 -1.098e+00 
 4.025e+00 -4.000e+00 -9.925e+00 -9.820e-01 
 4.025e+00 -3.800e+00 -9.725e+00 -8.477e-01 
 4.025e+00 -3.600e+00 -9.525e+00 -6.981e-01 
 4.025e+00 -3.400e+00 -9.325e+00 -5.369e-01 
 4.025e+00 -3.200e+00 -9.125e+00 -3.682e-01 
 4.025e+00 -3.000e+00 -8.925e+00 -1.957e-01 
 4.025e+00 -2.800e+00 -8.725e+00 -2.284e-02 
 4.025e+00 -2.600e+00 -8.525e+00  1.473e-01 
 4.025e+00 -2.400e+00 -8.325e+00  3.122e-01 
 4.025e+00 -2.200e+00 -8.125e+00  4.698e-01 
 4.025e+00 -2.000e+00 -7.925e+00  6.191e-01 
 4.025e+00 -1.800e+00 -7.725e+00  7.598e-01 
 4.025e+00 -1.600e+00 -7.525e+00  8.926e-01 
 4.025e+00 -1.400e+00 -7.325e+00  1.018e+00 
 4.025e+00 -1.200e+00 -7.125e+00  1.137e+00 
 4.025e+00 -1.000e+00 -6.925e+00  1.250e+00 
 4.025e+00 -8.000e-01 -6.725e+00  1.354e+00 
 4.025e+00 -6.000e-01 -6.525e+00  1.449e+00 
 4.025e+00 -4.000e-01 -6.325e+00  1.532e+00 
 4.025e+00 -2.000e-01 -6.125e+00  1.605e+00 
 4.025e+00 -5.551e-17 -5.925e+00  1.666e+00 
 4.025e+00  2.000e-01 -5.725e+00  1.718e+00 
 4.025e+00  4.000e-01 -5.525e+00  1.761e+00 
 4.025e+00  6.000e-01 -5.325e+00  1.797e+00 
 4.025e+00  8.000e-01 -5.125e+00  1.827e+00 
 4.025e+00  1.000e+00 -4.925e+00  1.852e+00 
 4.050e+00 -8.000e+00 -1.385e+01 -1.336e+00 
 4.050e+00 -7.800e+00 -1.365e+01 -1.341e+00 
 4.050e+00 -7.600e+00 -1.345e+01 -1.347e+00 
 4.050e+00 -7.400e+00 -1.325e+01 -1.357e+00 
 4.050e+00 -7.200e+00 -1.305e+01 -1.368e+00 
 4.050e+00 -7.000e+00 -1.285e+01 -1.382e+00 
 4.050e+00 -6.800e+00 -1.265e+01 -1.398e+00 
 4.050e+00 -6.600e+00 -1.245e+01 -1.412e+00 
 4.050e+00 -6.400e+00 -1.225e+01 -1.425e+00 
 4.050e+00 -6.200e+00 -1.205e+01 -1.434e+00 
 4.050e+00 -6.000e+00 -1.185e+01 -1.439e+00 
 4.050e+00 -5.800e+00 -1.165e+01 -1.439e+00 
 4.050e+00 -5.600e+00 -1.145e+01 -1.433e+00 
 4.050e+00 -5.400e+00 -1.125e+01 -1.420e+00 
 4.050e+00 -5.200e+00 -1.105e+01 -1.400e+00 
 4.050e+00 -5.000e+00 -1.085e+01 -1.370e+00 
 4.050e+00 -4.800e+00 -1.065e+01 -1.328e+00 
 4.050e+00 -4.600e+00 -1.045e+01 -1.272e+00 
 4.050e+00 -4.400e+00 -1.025e+01 -1.198e+00 
 4.050e+00 -4.200e+00 -1.005e+01 -1.105e+00 
 4.050e+00 -4.000e+00 -9.850e+00 -9.929e-01 
 4.050e+00 -3.800e+00 -9.650e+00 -8.614e-01 
 4.050e+00 -3.600e+00 -9.450e+00 -7.136e-01 
 4.050e+00 -3.400e+00 -9.250e+00 -5.528e-01 
 4.050e+00 -3.200e+00 -9.050e+00 -3.829e-01 
 4.050e+00 -3.000e+00 -8.850e+00 -2.072e-01 
 4.050e+00 -2.800e+00 -8.650e+00 -2.898e-02 
 4.050e+00 -2.600e+00 -8.450e+00  1.490e-01 
 4.050e+00 -2.400e+00 -8.250e+00  3.242e-01 
 4.050e+00 -2.200e+00 -8.050e+00  4.944e-01 
 4.050e+00 -2.000e+00 -7.850e+00  6.575e-01 
 4.050e+00 -1.800e+00 -7.650e+00  8.121e-01 
 4.050e+00 -1.600e+00 -7.450e+00  9.576e-01 
 4.050e+00 -1.400e+00 -7.250e+00  1.094e+00 
 4.050e+00 -1.200e+00 -7.050e+00  1.222e+00 
 4.050e+00 -1.000e+00 -6.850e+00  1.342e+00 
 4.050e+00 -8.000e-01 -6.650e+00  1.455e+00 
 4.050e+00 -6.000e-01 -6.450e+00  1.560e+00 
 4.050e+00 -4.000e-01 -6.250e+00  1.656e+00 
 4.050e+00 -2.000e-01 -6.050e+00  1.741e+00 
 4.050e+00 -5.551e-17 -5.850e+00  1.815e+00 
 4.050e+00  2.000e-01 -5.650e+00  1.878e+00 
 4.050e+00  4.000e-01 -5.450e+00  1.931e+00 
 4.050e+00  6.000e-01 -5.250e+00  1.975e+00 
 4.050e+00  8.000e-01 -5.050e+00  2.012e+00 
 4.050e+00  1.000e+00 -4.850e+00  2.043e+00 
 4.075e+00 -8.000e+00 -1.377e+01 -1.321e+00 
 4.075e+00 -7.800e+00 -1.357e+01 -1.322e+00 
 4.075e+00 -7.600e+00 -1.337e+01 -1.323e+00 
 4.075e+00 -7.400e+00 -1.317e+01 -1.325e+00 
 4.075e+00 -7.200e+00 -1.297e+01 -1.329e+00 
 4.075e+00 -7.000e+00 -1.277e+01 -1.334e+00 
 4.075e+00 -6.800e+00 -1.257e+01 -1.341e+00 
 4.075e+00 -6.600e+00 -1.237e+01 -1.351e+00 
 4.075e+00 -6.400e+00 -1.217e+01 -1.361e+00 
 4.075e+00 -6.200e+00 -1.197e+01 -1.373e+00 
 4.075e+00 -6.000e+00 -1.177e+01 -1.383e+00 
 4.075e+00 -5.800e+00 -1.157e+01 -1.389e+00 
 4.075e+00 -5.600e+00 -1.137e+01 -1.391e+00 
 4.075e+00 -5.400e+00 -1.117e+01 -1.386e+00 
 4.075e+00 -5.200e+00 -1.097e+01 -1.373e+00 
 4.075e+00 -5.000e+00 -1.077e+01 -1.349e+00 
 4.075e+00 -4.800e+00 -1.057e+01 -1.313e+00 
 4.075e+00 -4.600e+00 -1.037e+01 -1.262e+00 
 4.075e+00 -4.400e+00 -1.017e+01 -1.194e+00 
 4.075e+00 -4.200e+00 -9.975e+00 -1.106e+00 
 4.075e+00 -4.000e+00 -9.775e+00 -9.987e-01 
 4.075e+00 -3.800e+00 -9.575e+00 -8.718e-01 
 4.075e+00 -3.600e+00 -9.375e+00 -7.278e-01 
 4.075e+00 -3.400e+00 -9.175e+00 -5.697e-01 
 4.075e+00 -3.200e+00 -8.975e+00 -4.009e-01 
 4.075e+00 -3.000e+00 -8.775e+00 -2.249e-01 
 4.075e+00 -2.800e+00 -8.575e+00 -4.452e-02 
 4.075e+00 -2.600e+00 -8.375e+00  1.375e-01 
 4.075e+00 -2.400e+00 -8.175e+00  3.190e-01 
 4.075e+00 -2.200e+00 -7.975e+00  4.979e-01 
 4.075e+00 -2.000e+00 -7.775e+00  6.719e-01 
 4.075e+00 -1.800e+00 -7.575e+00  8.393e-01 
 4.075e+00 -1.600e+00 -7.375e+00  9.984e-01 
 4.075e+00 -1.400e+00 -7.175e+00  1.148e+00 
 4.075e+00 -1.200e+00 -6.975e+00  1.288e+00 
 4.075e+00 -1.000e+00 -6.775e+00  1.419e+00 
 4.075e+00 -8.000e-01 -6.575e+00  1.541e+00 
 4.075e+00 -6.000e-01 -6.375e+00  1.654e+00 
 4.075e+00 -4.000e-01 -6.175e+00  1.759e+00 
 4.075e+00 -2.000e-01 -5.975e+00  1.855e+00 
 4.075e+00 -5.551e-17 -5.775e+00  1.940e+00 
 4.075e+00  2.000e-01 -5.575e+00  2.015e+00 
 4.075e+00  4.000e-01 -5.375e+00  2.079e+00 
 4.075e+00  6.000e-01 -5.175e+00  2.133e+00 
 4.075e+00  8.000e-01 -4.975e+00  2.178e+00 
 4.075e+00  1.000e+00 -4.775e+00  2.215e+00 
 4.100e+00 -8.000e+00 -1.370e+01 -1.306e+00 
 4.100e+00 -7.800e+00 -1.350e+01 -1.307e+00 
 4.100e+00 -7.600e+00 -1.330e+01 -1.308e+00 
 4.100e+00 -7.400e+00 -1.310e+01 -1.308e+00 
 4.100e+00 -7.200e+00 -1.290e+01 -1.308e+00 
 4.100e+00 -7.000e+00 -1.270e+01 -1.307e+00 
 4.100e+00 -6.800e+00 -1.250e+01 -1.307e+00 
 4.100e+00 -6.600e+00 -1.230e+01 -1.308e+00 
 4.100e+00 -6.400e+00 -1.210e+01 -1.310e+00 
 4.100e+00 -6.200e+00 -1.190e+01 -1.313e+00 
 4.100e+00 -6.000e+00 -1.170e+01 -1.318e+00 
 4.100e+00 -5.800e+00 -1.150e+01 -1.322e+00 
 4.100e+00 -5.600e+00 -1.130e+01 -1.324e+00 
 4.100e+00 -5.400e+00 -1.110e+01 -1.323e+00 
 4.100e+00 -5.200e+00 -1.090e+01 -1.316e+00 
 4.100e+00 -5.000e+00 -1.070e+01 -1.300e+00 
 4.100e+00 -4.800e+00 -1.050e+01 -1.272e+00 
 4.100e+00 -4.600e+00 -1.030e+01 -1.230e+00 
 4.100e+00 -4.400e+00 -1.010e+01 -1.170e+00 
 4.100e+00 -4.200e+00 -9.900e+00 -1.090e+00 
 4.100e+00 -4.000e+00 -9.700e+00 -9.904e-01 
 4.100e+00 -3.800e+00 -9.500e+00 -8.709e-01 
 4.100e+00 -3.600e+00 -9.300e+00 -7.334e-01 
 4.100e+00 -3.400e+00 -9.100e+00 -5.808e-01 
 4.100e+00 -3.200e+00 -8.900e+00 -4.160e-01 
 4.100e+00 -3.000e+00 -8.700e+00 -2.423e-01 
 4.100e+00 -2.800e+00 -8.500e+00 -6.266e-02 
 4.100e+00 -2.600e+00 -8.300e+00  1.205e-01 
 4.100e+00 -2.400e+00 -8.100e+00  3.049e-01 
 4.100e+00 -2.200e+00 -7.900e+00  4.886e-01 
 4.100e+00 -2.000e+00 -7.700e+00  6.698e-01 
 4.100e+00 -1.800e+00 -7.500e+00  8.467e-01 
 4.100e+00 -1.600e+00 -7.300e+00  1.017e+00 
 4.100e+00 -1.400e+00 -7.100e+00  1.180e+00 
 4.100e+00 -1.200e+00 -6.900e+00  1.333e+00 
 4.100e+00 -1.000e+00 -6.700e+00  1.476e+00 
 4.100e+00 -8.000e-01 -6.500e+00  1.610e+00 
 4.100e+00 -6.000e-01 -6.300e+00  1.733e+00 
 4.100e+00 -4.000e-01 -6.100e+00  1.847e+00 
 4.100e+00 -2.000e-01 -5.900e+00  1.952e+00 
 4.100e+00 -5.551e-17 -5.700e+00  2.048e+00 
 4.100e+00  2.000e-01 -5.500e+00  2.133e+00 
 4.100e+00  4.000e-01 -5.300e+00  2.207e+00 
 4.100e+00  6.000e-01 -5.100e+00  2.271e+00 
 4.100e+00  8.000e-01 -4.900e+00  2.325e+00 
 4.100e+00  1.000e+00 -4.700e+00  2.370e+00 
 4.125e+00 -8.000e+00 -1.362e+01 -1.276e+00 
 4.125e+00 -7.800e+00 -1.343e+01 -1.282e+00 
 4.125e+00 -7.600e+00 -1.322e+01 -1.286e+00 
 4.125e+00 -7.400e+00 -1.302e+01 -1.289e+00 
 4.125e+00 -7.200e+00 -1.282e+01 -1.289e+00 
 4.125e+00 -7.000e+00 -1.262e+01 -1.288e+00 
 4.125e+00 -6.800e+00 -1.242e+01 -1.286e+00 
 4.125e+00 -6.600e+00 -1.222e+01 -1.283e+00 
 4.125e+00 -6.400e+00 -1.202e+01 -1.279e+00 
 4.125e+00 -6.200e+00 -1.182e+01 -1.274e+00 
 4.125e+00 -6.000e+00 -1.162e+01 -1.269e+00 
 4.125e+00 -5.800e+00 -1.142e+01 -1.264e+00 
 4.125e+00 -5.600e+00 -1.122e+01 -1.257e+00 
 4.125e+00 -5.400e+00 -1.102e+01 -1.249e+00 
 4.125e+00 -5.200e+00 -1.082e+01 -1.238e+00 
 4.125e+00 -5.000e+00 -1.062e+01 -1.221e+00 
 4.125e+00 -4.800e+00 -1.042e+01 -1.197e+00 
 4.125e+00 -4.600e+00 -1.022e+01 -1.161e+00 
 4.125e+00 -4.400e+00 -1.002e+01 -1.110e+00 
 4.125e+00 -4.200e+00 -9.825e+00 -1.041e+00 
 4.125e+00 -4.000e+00 -9.625e+00 -9.531e-01 
 4.125e+00 -3.800e+00 -9.425e+00 -8.450e-01 
 4.125e+00 -3.600e+00 -9.225e+00 -7.184e-01 
 4.125e+00 -3.400e+00 -9.025e+00 -5.755e-01 
 4.125e+00 -3.200e+00 -8.825e+00 -4.190e-01 
 4.125e+00 -3.000e+00 -8.625e+00 -2.516e-01 
 4.125e+00 -2.800e+00 -8.425e+00 -7.624e-02 
 4.125e+00 -2.600e+00 -8.225e+00  1.047e-01 
 4.125e+00 -2.400e+00 -8.025e+00  2.888e-01 
 4.125e+00 -2.200e+00 -7.825e+00  4.742e-01 
 4.125e+00 -2.000e+00 -7.625e+00  6.590e-01 
 4.125e+00 -1.800e+00 -7.425e+00  8.416e-01 
 4.125e+00 -1.600e+00 -7.225e+00  1.020e+00 
 4.125e+00 -1.400e+00 -7.025e+00  1.193e+00 
 4.125e+00 -1.200e+00 -6.825e+00  1.358e+00 
 4.125e+00 -1.000e+00 -6.625e+00  1.514e+00 
 4.125e+00 -8.000e-01 -6.425e+00  1.660e+00 
 4.125e+00 -6.000e-01 -6.225e+00  1.795e+00 
 4.125e+00 -4.000e-01 -6.025e+00  1.920e+00 
 4.125e+00 -2.000e-01 -5.825e+00  2.035e+00 
 4.125e+00 -5.551e-17 -5.625e+00  2.140e+00 
 4.125e+00  2.000e-01 -5.425e+00  2.235e+00 
 4.125e+00  4.000e-01 -5.225e+00  2.319e+00 
 4.125e+00  6.000e-01 -5.025e+00  2.392e+00 
 4.125e+00  8.000e-01 -4.825e+00  2.455e+00 
 4.125e+00  1.000e+00 -4.625e+00  2.508e+00 
 4.150e+00 -8.000e+00 -1.355e+01 -1.237e+00 
 4.150e+00 -7.800e+00 -1.335e+01 -1.243e+00 
 4.150e+00 -7.600e+00 -1.315e+01 -1.249e+00 
 4.150e+00 -7.400e+00 -1.295e+01 -1.255e+00 
 4.150e+00 -7.200e+00 -1.275e+01 -1.260e+00 
 4.150e+00 -7.000e+00 -1.255e+01 -1.263e+00 
 4.150e+00 -6.800e+00 -1.235e+01 -1.263e+00 
 4.150e+00 -6.600e+00 -1.215e+01 -1.260e+00 
 4.150e+00 -6.400e+00 -1.195e+01 -1.255e+00 
 4.150e+00 -6.200e+00 -1.175e+01 -1.248e+00 
 4.150e+00 -6.000e+00 -1.155e+01 -1.238e+00 
 4.150e+00 -5.800e+00 -1.135e+01 -1.225e+00 
 4.150e+00 -5.600e+00 -1.115e+01 -1.209e+00 
 4.150e+00 -5.400e+00 -1.095e+01 -1.189e+00 
 4.150e+00 -5.200e+00 -1.075e+01 -1.166e+00 
 4.150e+00 -5.000e+00 -1.055e+01 -1.139e+00 
 4.150e+00 -4.800e+00 -1.035e+01 -1.105e+00 
 4.150e+00 -4.600e+00 -1.015e+01 -1.065e+00 
 4.150e+00 -4.400e+00 -9.950e+00 -1.015e+00 
 4.150e+00 -4.200e+00 -9.750e+00 -9.523e-01 
 4.150e+00 -4.000e+00 -9.550e+00 -8.745e-01 
 4.150e+00 -3.800e+00 -9.350e+00 -7.799e-01 
 4.150e+00 -3.600e+00 -9.150e+00 -6.680e-01 
 4.150e+00 -3.400e+00 -8.950e+00 -5.396e-01 
 4.150e+00 -3.200e+00 -8.750e+00 -3.966e-01 
 4.150e+00 -3.000e+00 -8.550e+00 -2.411e-01 
 4.150e+00 -2.800e+00 -8.350e+00 -7.523e-02 
 4.150e+00 -2.600e+00 -8.150e+00  9.864e-02 
 4.150e+00 -2.400e+00 -7.950e+00  2.783e-01 
 4.150e+00 -2.200e+00 -7.750e+00  4.616e-01 
 4.150e+00 -2.000e+00 -7.550e+00  6.466e-01 
 4.150e+00 -1.800e+00 -7.350e+00  8.314e-01 
 4.150e+00 -1.600e+00 -7.150e+00  1.014e+00 
 4.150e+00 -1.400e+00 -6.950e+00  1.194e+00 
 4.150e+00 -1.200e+00 -6.750e+00  1.368e+00 
 4.150e+00 -1.000e+00 -6.550e+00  1.535e+00 
 4.150e+00 -8.000e-01 -6.350e+00  1.693e+00 
 4.150e+00 -6.000e-01 -6.150e+00  1.840e+00 
 4.150e+00 -4.000e-01 -5.950e+00  1.977e+00 
 4.150e+00 -2.000e-01 -5.750e+00  2.103e+00 
 4.150e+00 -5.551e-17 -5.550e+00  2.218e+00 
 4.150e+00  2.000e-01 -5.350e+00  2.322e+00 
 4.150e+00  4.000e-01 -5.150e+00  2.415e+00 
 4.150e+00  6.000e-01 -4.950e+00  2.498e+00 
 4.150e+00  8.000e-01 -4.750e+00  2.570e+00 
 4.150e+00  1.000e+00 -4.550e+00  2.631e+00 
 4.175e+00 -8.000e+00 -1.348e+01 -1.217e+00 
 4.175e+00 -7.800e+00 -1.328e+01 -1.217e+00 
 4.175e+00 -7.600e+00 -1.308e+01 -1.217e+00 
 4.175e+00 -7.400e+00 -1.288e+01 -1.219e+00 
 4.175e+00 -7.200e+00 -1.268e+01 -1.222e+00 
 4.175e+00 -7.000e+00 -1.248e+01 -1.225e+00 
 4.175e+00 -6.800e+00 -1.228e+01 -1.227e+00 
 4.175e+00 -6.600e+00 -1.207e+01 -1.228e+00 
 4.175e+00 -6.400e+00 -1.188e+01 -1.225e+00 
 4.175e+00 -6.200e+00 -1.168e+01 -1.219e+00 
 4.175e+00 -6.000e+00 -1.147e+01 -1.209e+00 
 4.175e+00 -5.800e+00 -1.127e+01 -1.194e+00 
 4.175e+00 -5.600e+00 -1.107e+01 -1.174e+00 
 4.175e+00 -5.400e+00 -1.088e+01 -1.148e+00 
 4.175e+00 -5.200e+00 -1.067e+01 -1.115e+00 
 4.175e+00 -5.000e+00 -1.047e+01 -1.075e+00 
 4.175e+00 -4.800e+00 -1.027e+01 -1.027e+00 
 4.175e+00 -4.600e+00 -1.007e+01 -9.717e-01 
 4.175e+00 -4.400e+00 -9.875e+00 -9.096e-01 
 4.175e+00 -4.200e+00 -9.675e+00 -8.401e-01 
 4.175e+00 -4.000e+00 -9.475e+00 -7.623e-01 
 4.175e+00 -3.800e+00 -9.275e+00 -6.745e-01 
 4.175e+00 -3.600e+00 -9.075e+00 -5.749e-01 
 4.175e+00 -3.400e+00 -8.875e+00 -4.624e-01 
 4.175e+00 -3.200e+00 -8.675e+00 -3.364e-01 
 4.175e+00 -3.000e+00 -8.475e+00 -1.976e-01 
 4.175e+00 -2.800e+00 -8.275e+00 -4.706e-02 
 4.175e+00 -2.600e+00 -8.075e+00  1.138e-01 
 4.175e+00 -2.400e+00 -7.875e+00  2.832e-01 
 4.175e+00 -2.200e+00 -7.675e+00  4.592e-01 
 4.175e+00 -2.000e+00 -7.475e+00  6.398e-01 
 4.175e+00 -1.800e+00 -7.275e+00  8.229e-01 
 4.175e+00 -1.600e+00 -7.075e+00  1.007e+00 
 4.175e+00 -1.400e+00 -6.875e+00  1.189e+00 
 4.175e+00 -1.200e+00 -6.675e+00  1.369e+00 
 4.175e+00 -1.000e+00 -6.475e+00  1.543e+00 
 4.175e+00 -8.000e-01 -6.275e+00  1.711e+00 
 4.175e+00 -6.000e-01 -6.075e+00  1.869e+00 
 4.175e+00 -4.000e-01 -5.875e+00  2.018e+00 
 4.175e+00 -2.000e-01 -5.675e+00  2.155e+00 
 4.175e+00 -5.551e-17 -5.475e+00  2.280e+00 
 4.175e+00  2.000e-01 -5.275e+00  2.395e+00 
 4.175e+00  4.000e-01 -5.075e+00  2.497e+00 
 4.175e+00  6.000e-01 -4.875e+00  2.589e+00 
 4.175e+00  8.000e-01 -4.675e+00  2.669e+00 
 4.175e+00  1.000e+00 -4.475e+00  2.739e+00 
 4.200e+00 -8.000e+00 -1.340e+01 -1.211e+00 
 4.200e+00 -7.800e+00 -1.320e+01 -1.208e+00 
 4.200e+00 -7.600e+00 -1.300e+01 -1.204e+00 
 4.200e+00 -7.400e+00 -1.280e+01 -1.201e+00 
 4.200e+00 -7.200e+00 -1.260e+01 -1.198e+00 
 4.200e+00 -7.000e+00 -1.240e+01 -1.195e+00 
 4.200e+00 -6.800e+00 -1.220e+01 -1.193e+00 
 4.200e+00 -6.600e+00 -1.200e+01 -1.190e+00 
 4.200e+00 -6.400e+00 -1.180e+01 -1.187e+00 
 4.200e+00 -6.200e+00 -1.160e+01 -1.182e+00 
 4.200e+00 -6.000e+00 -1.140e+01 -1.173e+00 
 4.200e+00 -5.800e+00 -1.120e+01 -1.159e+00 
 4.200e+00 -5.600e+00 -1.100e+01 -1.139e+00 
 4.200e+00 -5.400e+00 -1.080e+01 -1.112e+00 
 4.200e+00 -5.200e+00 -1.060e+01 -1.075e+00 
 4.200e+00 -5.000e+00 -1.040e+01 -1.028e+00 
 4.200e+00 -4.800e+00 -1.020e+01 -9.703e-01 
 4.200e+00 -4.600e+00 -1.000e+01 -9.015e-01 
 4.200e+00 -4.400e+00 -9.800e+00 -8.232e-01 
 4.200e+00 -4.200e+00 -9.600e+00 -7.376e-01 
 4.200e+00 -4.000e+00 -9.400e+00 -6.469e-01 
 4.200e+00 -3.800e+00 -9.200e+00 -5.520e-01 
 4.200e+00 -3.600e+00 -9.000e+00 -4.530e-01 
 4.200e+00 -3.400e+00 -8.800e+00 -3.482e-01 
 4.200e+00 -3.200e+00 -8.600e+00 -2.359e-01 
 4.200e+00 -3.000e+00 -8.400e+00 -1.142e-01 
 4.200e+00 -2.800e+00 -8.200e+00  1.811e-02 
 4.200e+00 -2.600e+00 -8.000e+00  1.612e-01 
 4.200e+00 -2.400e+00 -7.800e+00  3.147e-01 
 4.200e+00 -2.200e+00 -7.600e+00  4.774e-01 
 4.200e+00 -2.000e+00 -7.400e+00  6.478e-01 
 4.200e+00 -1.800e+00 -7.200e+00  8.240e-01 
 4.200e+00 -1.600e+00 -7.000e+00  1.004e+00 
 4.200e+00 -1.400e+00 -6.800e+00  1.185e+00 
 4.200e+00 -1.200e+00 -6.600e+00  1.367e+00 
 4.200e+00 -1.000e+00 -6.400e+00  1.545e+00 
 4.200e+00 -8.000e-01 -6.200e+00  1.719e+00 
 4.200e+00 -6.000e-01 -6.000e+00  1.886e+00 
 4.200e+00 -4.000e-01 -5.800e+00  2.044e+00 
 4.200e+00 -2.000e-01 -5.600e+00  2.192e+00 
 4.200e+00 -5.551e-17 -5.400e+00  2.329e+00 
 4.200e+00  2.000e-01 -5.200e+00  2.453e+00 
 4.200e+00  4.000e-01 -5.000e+00  2.565e+00 
 4.200e+00  6.000e-01 -4.800e+00  2.666e+00 
 4.200e+00  8.000e-01 -4.600e+00  2.755e+00 
 4.200e+00  1.000e+00 -4.400e+00  2.832e+00 
 4.225e+00 -8.000e+00 -1.333e+01 -1.207e+00 
 4.225e+00 -7.800e+00 -1.312e+01 -1.204e+00 
 4.225e+00 -7.600e+00 -1.293e+01 -1.200e+00 
 4.225e+00 -7.400e+00 -1.273e+01 -1.195e+00 
 4.225e+00 -7.200e+00 -1.253e+01 -1.190e+00 
 4.225e+00 -7.000e+00 -1.232e+01 -1.183e+00 
 4.225e+00 -6.800e+00 -1.212e+01 -1.176e+00 
 4.225e+00 -6.600e+00 -1.193e+01 -1.167e+00 
 4.225e+00 -6.400e+00 -1.172e+01 -1.158e+00 
 4.225e+00 -6.200e+00 -1.152e+01 -1.147e+00 
 4.225e+00 -6.000e+00 -1.132e+01 -1.134e+00 
 4.225e+00 -5.800e+00 -1.112e+01 -1.118e+00 
 4.225e+00 -5.600e+00 -1.092e+01 -1.097e+00 
 4.225e+00 -5.400e+00 -1.072e+01 -1.070e+00 
 4.225e+00 -5.200e+00 -1.052e+01 -1.034e+00 
 4.225e+00 -5.000e+00 -1.032e+01 -9.857e-01 
 4.225e+00 -4.800e+00 -1.012e+01 -9.247e-01 
 4.225e+00 -4.600e+00 -9.925e+00 -8.496e-01 
 4.225e+00 -4.400e+00 -9.725e+00 -7.611e-01 
 4.225e+00 -4.200e+00 -9.525e+00 -6.616e-01 
 4.225e+00 -4.000e+00 -9.325e+00 -5.546e-01 
 4.225e+00 -3.800e+00 -9.125e+00 -4.441e-01 
 4.225e+00 -3.600e+00 -8.925e+00 -3.330e-01 
 4.225e+00 -3.400e+00 -8.725e+00 -2.223e-01 
 4.225e+00 -3.200e+00 -8.525e+00 -1.114e-01 
 4.225e+00 -3.000e+00 -8.325e+00  1.743e-03 
 4.225e+00 -2.800e+00 -8.125e+00  1.199e-01 
 4.225e+00 -2.600e+00 -7.925e+00  2.456e-01 
 4.225e+00 -2.400e+00 -7.725e+00  3.806e-01 
 4.225e+00 -2.200e+00 -7.525e+00  5.255e-01 
 4.225e+00 -2.000e+00 -7.325e+00  6.803e-01 
 4.225e+00 -1.800e+00 -7.125e+00  8.438e-01 
 4.225e+00 -1.600e+00 -6.925e+00  1.014e+00 
 4.225e+00 -1.400e+00 -6.725e+00  1.190e+00 
 4.225e+00 -1.200e+00 -6.525e+00  1.368e+00 
 4.225e+00 -1.000e+00 -6.325e+00  1.547e+00 
 4.225e+00 -8.000e-01 -6.125e+00  1.723e+00 
 4.225e+00 -6.000e-01 -5.925e+00  1.895e+00 
 4.225e+00 -4.000e-01 -5.725e+00  2.061e+00 
 4.225e+00 -2.000e-01 -5.525e+00  2.218e+00 
 4.225e+00 -5.551e-17 -5.325e+00  2.364e+00 
 4.225e+00  2.000e-01 -5.125e+00  2.498e+00 
 4.225e+00  4.000e-01 -4.925e+00  2.619e+00 
 4.225e+00  6.000e-01 -4.725e+00  2.729e+00 
 4.225e+00  8.000e-01 -4.525e+00  2.826e+00 
 4.225e+00  1.000e+00 -4.325e+00  2.911e+00 
 4.250e+00 -8.000e+00 -1.325e+01 -1.195e+00 
 4.250e+00 -7.800e+00 -1.305e+01 -1.195e+00 
 4.250e+00 -7.600e+00 -1.285e+01 -1.194e+00 
 4.250e+00 -7.400e+00 -1.265e+01 -1.190e+00 
 4.250e+00 -7.200e+00 -1.245e+01 -1.185e+00 
 4.250e+00 -7.000e+00 -1.225e+01 -1.178e+00 
 4.250e+00 -6.800e+00 -1.205e+01 -1.170e+00 
 4.250e+00 -6.600e+00 -1.185e+01 -1.159e+00 
 4.250e+00 -6.400e+00 -1.165e+01 -1.145e+00 
 4.250e+00 -6.200e+00 -1.145e+01 -1.129e+00 
 4.250e+00 -6.000e+00 -1.125e+01 -1.110e+00 
 4.250e+00 -5.800e+00 -1.105e+01 -1.087e+00 
 4.250e+00 -5.600e+00 -1.085e+01 -1.060e+00 
 4.250e+00 -5.400e+00 -1.065e+01 -1.027e+00 
 4.250e+00 -5.200e+00 -1.045e+01 -9.870e-01 
 4.250e+00 -5.000e+00 -1.025e+01 -9.375e-01 
 4.250e+00 -4.800e+00 -1.005e+01 -8.759e-01 
 4.250e+00 -4.600e+00 -9.850e+00 -8.001e-01 
 4.250e+00 -4.400e+00 -9.650e+00 -7.093e-01 
 4.250e+00 -4.200e+00 -9.450e+00 -6.042e-01 
 4.250e+00 -4.000e+00 -9.250e+00 -4.877e-01 
 4.250e+00 -3.800e+00 -9.050e+00 -3.641e-01 
 4.250e+00 -3.600e+00 -8.850e+00 -2.379e-01 
 4.250e+00 -3.400e+00 -8.650e+00 -1.129e-01 
 4.250e+00 -3.200e+00 -8.450e+00  8.534e-03 
 4.250e+00 -3.000e+00 -8.250e+00  1.263e-01 
 4.250e+00 -2.800e+00 -8.050e+00  2.421e-01 
 4.250e+00 -2.600e+00 -7.850e+00  3.586e-01 
 4.250e+00 -2.400e+00 -7.650e+00  4.793e-01 
 4.250e+00 -2.200e+00 -7.450e+00  6.069e-01 
 4.250e+00 -2.000e+00 -7.250e+00  7.435e-01 
 4.250e+00 -1.800e+00 -7.050e+00  8.900e-01 
 4.250e+00 -1.600e+00 -6.850e+00  1.046e+00 
 4.250e+00 -1.400e+00 -6.650e+00  1.210e+00 
 4.250e+00 -1.200e+00 -6.450e+00  1.380e+00 
 4.250e+00 -1.000e+00 -6.250e+00  1.554e+00 
 4.250e+00 -8.000e-01 -6.050e+00  1.729e+00 
 4.250e+00 -6.000e-01 -5.850e+00  1.903e+00 
 4.250e+00 -4.000e-01 -5.650e+00  2.072e+00 
 4.250e+00 -2.000e-01 -5.450e+00  2.235e+00 
 4.250e+00 -5.551e-17 -5.250e+00  2.388e+00 
 4.250e+00  2.000e-01 -5.050e+00  2.531e+00 
 4.250e+00  4.000e-01 -4.850e+00  2.661e+00 
 4.250e+00  6.000e-01 -4.650e+00  2.778e+00 
 4.250e+00  8.000e-01 -4.450e+00  2.883e+00 
 4.250e+00  1.000e+00 -4.250e+00  2.975e+00 
 4.275e+00 -8.000e+00 -1.317e+01 -1.163e+00 
 4.275e+00 -7.800e+00 -1.297e+01 -1.170e+00 
 4.275e+00 -7.600e+00 -1.277e+01 -1.174e+00 
 4.275e+00 -7.400e+00 -1.257e+01 -1.176e+00 
 4.275e+00 -7.200e+00 -1.237e+01 -1.174e+00 
 4.275e+00 -7.000e+00 -1.217e+01 -1.170e+00 
 4.275e+00 -6.800e+00 -1.197e+01 -1.163e+00 
 4.275e+00 -6.600e+00 -1.177e+01 -1.153e+00 
 4.275e+00 -6.400e+00 -1.157e+01 -1.140e+00 
 4.275e+00 -6.200e+00 -1.137e+01 -1.123e+00 
 4.275e+00 -6.000e+00 -1.117e+01 -1.101e+00 
 4.275e+00 -5.800e+00 -1.097e+01 -1.074e+00 
 4.275e+00 -5.600e+00 -1.077e+01 -1.040e+00 
 4.275e+00 -5.400e+00 -1.057e+01 -9.997e-01 
 4.275e+00 -5.200e+00 -1.037e+01 -9.509e-01 
 4.275e+00 -5.000e+00 -1.017e+01 -8.932e-01 
 4.275e+00 -4.800e+00 -9.975e+00 -8.255e-01 
 4.275e+00 -4.600e+00 -9.775e+00 -7.462e-01 
 4.275e+00 -4.400e+00 -9.575e+00 -6.541e-01 
 4.275e+00 -4.200e+00 -9.375e+00 -5.485e-01 
 4.275e+00 -4.000e+00 -9.175e+00 -4.304e-01 
 4.275e+00 -3.800e+00 -8.975e+00 -3.021e-01 
 4.275e+00 -3.600e+00 -8.775e+00 -1.673e-01 
 4.275e+00 -3.400e+00 -8.575e+00 -3.039e-02 
 4.275e+00 -3.200e+00 -8.375e+00  1.046e-01 
 4.275e+00 -3.000e+00 -8.175e+00  2.350e-01 
 4.275e+00 -2.800e+00 -7.975e+00  3.596e-01 
 4.275e+00 -2.600e+00 -7.775e+00  4.792e-01 
 4.275e+00 -2.400e+00 -7.575e+00  5.962e-01 
 4.275e+00 -2.200e+00 -7.375e+00  7.140e-01 
 4.275e+00 -2.000e+00 -7.175e+00  8.362e-01 
 4.275e+00 -1.800e+00 -6.975e+00  9.656e-01 
 4.275e+00 -1.600e+00 -6.775e+00  1.104e+00 
 4.275e+00 -1.400e+00 -6.575e+00  1.252e+00 
 4.275e+00 -1.200e+00 -6.375e+00  1.410e+00 
 4.275e+00 -1.000e+00 -6.175e+00  1.574e+00 
 4.275e+00 -8.000e-01 -5.975e+00  1.743e+00 
 4.275e+00 -6.000e-01 -5.775e+00  1.914e+00 
 4.275e+00 -4.000e-01 -5.575e+00  2.083e+00 
 4.275e+00 -2.000e-01 -5.375e+00  2.248e+00 
 4.275e+00 -5.551e-17 -5.175e+00  2.406e+00 
 4.275e+00  2.000e-01 -4.975e+00  2.555e+00 
 4.275e+00  4.000e-01 -4.775e+00  2.692e+00 
 4.275e+00  6.000e-01 -4.575e+00  2.816e+00 
 4.275e+00  8.000e-01 -4.375e+00  2.928e+00 
 4.275e+00  1.000e+00 -4.175e+00  3.027e+00 
 4.300e+00 -8.000e+00 -1.310e+01 -1.120e+00 
 4.300e+00 -7.800e+00 -1.290e+01 -1.128e+00 
 4.300e+00 -7.600e+00 -1.270e+01 -1.135e+00 
 4.300e+00 -7.400e+00 -1.250e+01 -1.142e+00 
 4.300e+00 -7.200e+00 -1.230e+01 -1.146e+00 
 4.300e+00 -7.000e+00 -1.210e+01 -1.148e+00 
 4.300e+00 -6.800e+00 -1.190e+01 -1.146e+00 
 4.300e+00 -6.600e+00 -1.170e+01 -1.140e+00 
 4.300e+00 -6.400e+00 -1.150e+01 -1.130e+00 
 4.300e+00 -6.200e+00 -1.130e+01 -1.115e+00 
 4.300e+00 -6.000e+00 -1.110e+01 -1.094e+00 
 4.300e+00 -5.800e+00 -1.090e+01 -1.067e+00 
 4.300e+00 -5.600e+00 -1.070e+01 -1.032e+00 
 4.300e+00 -5.400e+00 -1.050e+01 -9.882e-01 
 4.300e+00 -5.200e+00 -1.030e+01 -9.336e-01 
 4.300e+00 -5.000e+00 -1.010e+01 -8.676e-01 
 4.300e+00 -4.800e+00 -9.900e+00 -7.900e-01 
 4.300e+00 -4.600e+00 -9.700e+00 -7.009e-01 
 4.300e+00 -4.400e+00 -9.500e+00 -6.010e-01 
 4.300e+00 -4.200e+00 -9.300e+00 -4.907e-01 
 4.300e+00 -4.000e+00 -9.100e+00 -3.708e-01 
 4.300e+00 -3.800e+00 -8.900e+00 -2.421e-01 
 4.300e+00 -3.600e+00 -8.700e+00 -1.060e-01 
 4.300e+00 -3.400e+00 -8.500e+00  3.501e-02 
 4.300e+00 -3.200e+00 -8.300e+00  1.779e-01 
 4.300e+00 -3.000e+00 -8.100e+00  3.191e-01 
 4.300e+00 -2.800e+00 -7.900e+00  4.558e-01 
 4.300e+00 -2.600e+00 -7.700e+00  5.861e-01 
 4.300e+00 -2.400e+00 -7.500e+00  7.100e-01 
 4.300e+00 -2.200e+00 -7.300e+00  8.290e-01 
 4.300e+00 -2.000e+00 -7.100e+00  9.460e-01 
 4.300e+00 -1.800e+00 -6.900e+00  1.065e+00 
 4.300e+00 -1.600e+00 -6.700e+00  1.189e+00 
 4.300e+00 -1.400e+00 -6.500e+00  1.321e+00 
 4.300e+00 -1.200e+00 -6.300e+00  1.462e+00 
 4.300e+00 -1.000e+00 -6.100e+00  1.612e+00 
 4.300e+00 -8.000e-01 -5.900e+00  1.770e+00 
 4.300e+00 -6.000e-01 -5.700e+00  1.934e+00 
 4.300e+00 -4.000e-01 -5.500e+00  2.099e+00 
 4.300e+00 -2.000e-01 -5.300e+00  2.263e+00 
 4.300e+00 -5.551e-17 -5.100e+00  2.422e+00 
 4.300e+00  2.000e-01 -4.900e+00  2.574e+00 
 4.300e+00  4.000e-01 -4.700e+00  2.715e+00 
 4.300e+00  6.000e-01 -4.500e+00  2.845e+00 
 4.300e+00  8.000e-01 -4.300e+00  2.962e+00 
 4.300e+00  1.000e+00 -4.100e+00  3.066e+00 
 4.325e+00 -8.000e+00 -1.302e+01 -1.091e+00 
 4.325e+00 -7.800e+00 -1.282e+01 -1.093e+00 
 4.325e+00 -7.600e+00 -1.262e+01 -1.097e+00 
 4.325e+00 -7.400e+00 -1.242e+01 -1.100e+00 
 4.325e+00 -7.200e+00 -1.222e+01 -1.105e+00 
 4.325e+00 -7.000e+00 -1.202e+01 -1.109e+00 
 4.325e+00 -6.800e+00 -1.182e+01 -1.111e+00 
 4.325e+00 -6.600e+00 -1.162e+01 -1.111e+00 
 4.325e+00 -6.400e+00 -1.142e+01 -1.106e+00 
 4.325e+00 -6.200e+00 -1.122e+01 -1.096e+00 
 4.325e+00 -6.000e+00 -1.102e+01 -1.080e+00 
 4.325e+00 -5.800e+00 -1.082e+01 -1.056e+00 
 4.325e+00 -5.600e+00 -1.062e+01 -1.024e+00 
 4.325e+00 -5.400e+00 -1.042e+01 -9.807e-01 
 4.325e+00 -5.200e+00 -1.022e+01 -9.256e-01 
 4.325e+00 -5.000e+00 -1.002e+01 -8.569e-01 
 4.325e+00 -4.800e+00 -9.825e+00 -7.737e-01 
 4.325e+00 -4.600e+00 -9.625e+00 -6.762e-01 
 4.325e+00 -4.400e+00 -9.425e+00 -5.660e-01 
 4.325e+00 -4.200e+00 -9.225e+00 -4.453e-01 
 4.325e+00 -4.000e+00 -9.025e+00 -3.168e-01 
 4.325e+00 -3.800e+00 -8.825e+00 -1.828e-01 
 4.325e+00 -3.600e+00 -8.625e+00 -4.455e-02 
 4.325e+00 -3.400e+00 -8.425e+00  9.720e-02 
 4.325e+00 -3.200e+00 -8.225e+00  2.416e-01 
 4.325e+00 -3.000e+00 -8.025e+00  3.870e-01 
 4.325e+00 -2.800e+00 -7.825e+00  5.313e-01 
 4.325e+00 -2.600e+00 -7.625e+00  6.716e-01 
 4.325e+00 -2.400e+00 -7.425e+00  8.061e-01 
 4.325e+00 -2.200e+00 -7.225e+00  9.336e-01 
 4.325e+00 -2.000e+00 -7.025e+00  1.055e+00 
 4.325e+00 -1.800e+00 -6.825e+00  1.173e+00 
 4.325e+00 -1.600e+00 -6.625e+00  1.290e+00 
 4.325e+00 -1.400e+00 -6.425e+00  1.410e+00 
 4.325e+00 -1.200e+00 -6.225e+00  1.537e+00 
 4.325e+00 -1.000e+00 -6.025e+00  1.672e+00 
 4.325e+00 -8.000e-01 -5.825e+00  1.815e+00 
 4.325e+00 -6.000e-01 -5.625e+00  1.967e+00 
 4.325e+00 -4.000e-01 -5.425e+00  2.124e+00 
 4.325e+00 -2.000e-01 -5.225e+00  2.283e+00 
 4.325e+00 -5.551e-17 -5.025e+00  2.440e+00 
 4.325e+00  2.000e-01 -4.825e+00  2.592e+00 
 4.325e+00  4.000e-01 -4.625e+00  2.735e+00 
 4.325e+00  6.000e-01 -4.425e+00  2.868e+00 
 4.325e+00  8.000e-01 -4.225e+00  2.989e+00 
 4.325e+00  1.000e+00 -4.025e+00  3.096e+00 
 4.350e+00 -8.000e+00 -1.295e+01 -1.069e+00 
 4.350e+00 -7.800e+00 -1.275e+01 -1.070e+00 
 4.350e+00 -7.600e+00 -1.255e+01 -1.071e+00 
 4.350e+00 -7.400e+00 -1.235e+01 -1.071e+00 
 4.350e+00 -7.200e+00 -1.215e+01 -1.071e+00 
 4.350e+00 -7.000e+00 -1.195e+01 -1.071e+00 
 4.350e+00 -6.800e+00 -1.175e+01 -1.070e+00 
 4.350e+00 -6.600e+00 -1.155e+01 -1.069e+00 
 4.350e+00 -6.400e+00 -1.135e+01 -1.066e+00 
 4.350e+00 -6.200e+00 -1.115e+01 -1.060e+00 
 4.350e+00 -6.000e+00 -1.095e+01 -1.049e+00 
 4.350e+00 -5.800e+00 -1.075e+01 -1.031e+00 
 4.350e+00 -5.600e+00 -1.055e+01 -1.003e+00 
 4.350e+00 -5.400e+00 -1.035e+01 -9.652e-01 
 4.350e+00 -5.200e+00 -1.015e+01 -9.139e-01 
 4.350e+00 -5.000e+00 -9.950e+00 -8.476e-01 
 4.350e+00 -4.800e+00 -9.750e+00 -7.649e-01 
 4.350e+00 -4.600e+00 -9.550e+00 -6.653e-01 
 4.350e+00 -4.400e+00 -9.350e+00 -5.499e-01 
 4.350e+00 -4.200e+00 -9.150e+00 -4.211e-01 
 4.350e+00 -4.000e+00 -8.950e+00 -2.826e-01 
 4.350e+00 -3.800e+00 -8.750e+00 -1.383e-01 
 4.350e+00 -3.600e+00 -8.550e+00  8.596e-03 
 4.350e+00 -3.400e+00 -8.350e+00  1.560e-01 
 4.350e+00 -3.200e+00 -8.150e+00  3.031e-01 
 4.350e+00 -3.000e+00 -7.950e+00  4.500e-01 
 4.350e+00 -2.800e+00 -7.750e+00  5.965e-01 
 4.350e+00 -2.600e+00 -7.550e+00  7.416e-01 
 4.350e+00 -2.400e+00 -7.350e+00  8.835e-01 
 4.350e+00 -2.200e+00 -7.150e+00  1.020e+00 
 4.350e+00 -2.000e+00 -6.950e+00  1.151e+00 
 4.350e+00 -1.800e+00 -6.750e+00  1.274e+00 
 4.350e+00 -1.600e+00 -6.550e+00  1.393e+00 
 4.350e+00 -1.400e+00 -6.350e+00  1.510e+00 
 4.350e+00 -1.200e+00 -6.150e+00  1.627e+00 
 4.350e+00 -1.000e+00 -5.950e+00  1.750e+00 
 4.350e+00 -8.000e-01 -5.750e+00  1.880e+00 
 4.350e+00 -6.000e-01 -5.550e+00  2.018e+00 
 4.350e+00 -4.000e-01 -5.350e+00  2.163e+00 
 4.350e+00 -2.000e-01 -5.150e+00  2.313e+00 
 4.350e+00 -5.551e-17 -4.950e+00  2.464e+00 
 4.350e+00  2.000e-01 -4.750e+00  2.612e+00 
 4.350e+00  4.000e-01 -4.550e+00  2.755e+00 
 4.350e+00  6.000e-01 -4.350e+00  2.888e+00 
 4.350e+00  8.000e-01 -4.150e+00  3.010e+00 
 4.350e+00  1.000e+00 -3.950e+00  3.120e+00 
 4.375e+00 -8.000e+00 -1.288e+01 -1.046e+00 
 4.375e+00 -7.800e+00 -1.268e+01 -1.047e+00 
 4.375e+00 -7.600e+00 -1.247e+01 -1.048e+00 
 4.375e+00 -7.400e+00 -1.227e+01 -1.048e+00 
 4.375e+00 -7.200e+00 -1.207e+01 -1.047e+00 
 4.375e+00 -7.000e+00 -1.188e+01 -1.044e+00 
 4.375e+00 -6.800e+00 -1.167e+01 -1.040e+00 
 4.375e+00 -6.600e+00 -1.147e+01 -1.035e+00 
 4.375e+00 -6.400e+00 -1.127e+01 -1.028e+00 
 4.375e+00 -6.200e+00 -1.107e+01 -1.018e+00 
 4.375e+00 -6.000e+00 -1.087e+01 -1.006e+00 
 4.375e+00 -5.800e+00 -1.067e+01 -9.893e-01 
 4.375e+00 -5.600e+00 -1.047e+01 -9.657e-01 
 4.375e+00 -5.400e+00 -1.027e+01 -9.326e-01 
 4.375e+00 -5.200e+00 -1.007e+01 -8.872e-01 
 4.375e+00 -5.000e+00 -9.875e+00 -8.268e-01 
 4.375e+00 -4.800e+00 -9.675e+00 -7.492e-01 
 4.375e+00 -4.600e+00 -9.475e+00 -6.534e-01 
 4.375e+00 -4.400e+00 -9.275e+00 -5.395e-01 
 4.375e+00 -4.200e+00 -9.075e+00 -4.095e-01 
 4.375e+00 -4.000e+00 -8.875e+00 -2.665e-01 
 4.375e+00 -3.800e+00 -8.675e+00 -1.147e-01 
 4.375e+00 -3.600e+00 -8.475e+00  4.173e-02 
 4.375e+00 -3.400e+00 -8.275e+00  1.990e-01 
 4.375e+00 -3.200e+00 -8.075e+00  3.546e-01 
 4.375e+00 -3.000e+00 -7.875e+00  5.074e-01 
 4.375e+00 -2.800e+00 -7.675e+00  6.573e-01 
 4.375e+00 -2.600e+00 -7.475e+00  8.047e-01 
 4.375e+00 -2.400e+00 -7.275e+00  9.499e-01 
 4.375e+00 -2.200e+00 -7.075e+00  1.092e+00 
 4.375e+00 -2.000e+00 -6.875e+00  1.230e+00 
 4.375e+00 -1.800e+00 -6.675e+00  1.361e+00 
 4.375e+00 -1.600e+00 -6.475e+00  1.487e+00 
 4.375e+00 -1.400e+00 -6.275e+00  1.606e+00 
 4.375e+00 -1.200e+00 -6.075e+00  1.723e+00 
 4.375e+00 -1.000e+00 -5.875e+00  1.839e+00 
 4.375e+00 -8.000e-01 -5.675e+00  1.959e+00 
 4.375e+00 -6.000e-01 -5.475e+00  2.084e+00 
 4.375e+00 -4.000e-01 -5.275e+00  2.216e+00 
 4.375e+00 -2.000e-01 -5.075e+00  2.354e+00 
 4.375e+00 -5.551e-17 -4.875e+00  2.496e+00 
 4.375e+00  2.000e-01 -4.675e+00  2.638e+00 
 4.375e+00  4.000e-01 -4.475e+00  2.776e+00 
 4.375e+00  6.000e-01 -4.275e+00  2.907e+00 
 4.375e+00  8.000e-01 -4.075e+00  3.029e+00 
 4.375e+00  1.000e+00 -3.875e+00  3.139e+00 
